-23.977,-67.912,1
-18.373,167.654,2
-19.705,-175.874,3
23.092,121.214,2
31.056,91.261,2
23.487,121.4,2
23.046,121.249,2
23.917,121.343,2
16.739,-98.482,3
61.214,136.593,3
28.359,139.405,2
41.289,32.96,5
23.775,121.393,2
47.297,154.05,3
55.802,-156.28,3
0.622,-26.945,1
14.173,-47.219,1
-50.652,149.28,2
-8.931,124.027,2
29.796,131.304,2
23.769,121.282,2
7.329,-80.993,1
-55.879,-135.634,0
24.188,121.741,2
23.867,121.424,2
24.014,121.555,2
65.361,136.461,3
-8.292,154.171,2
9.967,122.386,2
-29.633,-177.01,3
23.728,121.062,2
23.889,121.571,2
23.904,121.326,2
24.067,121.664,2
24.022,121.478,2
-57.894,157.15,0
-0.363,98.223,2
46.705,154.226,3
-24.859,-116.485,1
28.28,93.861,2
71.218,-8.889,5
41.325,142.011,2
22.817,121.397,2
-14.305,-75.472,1
-3.688,128.277,2
-4.842,133.983,2
-40.051,176.655,2
-9.957,119.031,2
-41.845,80.089,4
-3.061,139.736,2
-28.375,-176.008,3
19.278,-155.923,3
-5.292,151.965,2
-61.11,-22.11,0
23.733,121.508,2
23.512,121.635,2
23.892,121.548,2
23.946,121.623,2
11.789,125.629,2
47.276,154.268,3
52.486,160.23,3
52.272,160.406,3
-17.838,167.602,2
-17.944,167.62,2
-38.589,-73.519,1
-21.314,-114.055,1
30.843,97.363,2
-15.398,-173.111,3
18.743,121.058,2
37.068,143.122,2
-49.907,-114.87,1
-3.483,140.595,2
-29.028,-176.753,3
23.25,122.223,2
23.396,121.357,2
-57.988,-9.889,0
53.991,-161.134,3
52.629,160.257,3
52.039,160.098,3
-4.805,152.046,2
28.767,95.686,2
32.735,87.974,2
35.304,140.329,2
51.439,-177.551,3
-17.155,41.576,4
-59.669,-23.048,0
-1.846,81.278,2
24.841,122.551,2
-3.252,142.238,2
41.472,142.216,2
55.64,160.765,3
-5.939,149.294,2
39.089,71.592,5
-37.355,178.076,2
-20.201,33.675,4
-34.152,-72.101,1
-2.88,126.587,2
6.878,116.727,2
23.912,121.632,2
18.544,147.002,2
-3.665,149.951,2
-21.232,-175.122,3
40.66,142.924,2
-4.908,129.505,2
13.044,-87.427,1
-6.384,152.819,2
0.406,125.783,2
-35.345,-111.433,1
-16.068,-173.523,3
45.482,150.892,3
-17.382,-172.444,3
48.855,156.63,3
-29.526,-176.95,3
-30.387,-176.371,3
32.863,134.404,2
23.964,122.081,2
24.138,121.624,2
52.553,160.322,3
52.455,160.309,3
52.207,160.288,3
52.245,160.105,3
30.908,91.498,2
52.172,160.17,3
-17.085,-171.985,3
29.77,131.2,2
8.23,91.712,2
17.106,-106.193,3
-23.115,-175.864,3
-24.539,-175.599,3
-0.728,97.96,2
27.99,94.668,2
-21.82,33.649,4
13.238,-89.948,1
28.842,94.575,2
-21.462,-69.86,1
2.081,126.28,2
28.925,86.685,2
5.834,124.959,2
15.99,-96.605,3
-29.495,-178.691,3
49.311,-128.857,3
40.238,-124.713,3
24.269,122.005,2
24.243,121.635,2
-0.155,98.159,2
47.062,154.261,3
14.066,146.3,2
-29.534,-178.006,3
30.409,91.135,2
32.622,-115.1191667,3
23.854,91.844,2
47.582,109.988,2
17.834,-105.977,3
7.331,-80.835,1
1.255,126.04,2
32.373,33.454,5
13.404,-90.818,1
30.06,69.985,2
-4.127,123.012,2
46.926,154.108,3
51.129,-177.924,3
-35.38,-111.529,1
-0.014,124.859,2
-29.915,-177.848,3
54.87,-163.835,3
-7.616,106.823,2
24.285,121.849,2
23.768,121.587,2
-3.865,35.686,4
23.782,121.812,2
15.861,-98.719,3
80.602,122.594,5
16.15,-99.101,3
-15.701,-74.168,1
30.634,97.487,2
25.949,90.575,2
36.516,35.869,5
25.48,129.181,2
11.66,45.545,4
28.619,96.529,2
13.06,-87.832,1
12.942,-87.317,1
8.723,-39.992,1
27.601,57.153,5
-29.585,-176.952,3
-32.578,-178.468,3
-0.136,98.206,2
42.143,45.345,5
35.899,140.534,2
47.07,153.904,3
-56.503,-28.038,0
28.661,95.427,2
30.731,97.391,2
75.889,-72.251,3
80.555,123.388,5
10.883,-85.618,1
-8.35,-80.515,1
23.848,-44.804,1
23.95,122.257,2
44.435,-130.155,3
35.361,82.051,2
32.103,142.489,2
23.003,-108.586,3
9.754,-83.555,1
52.43,160.489,3
31.62,-40.65,1
-41.731,-75.446,1
37.575,20.367,5
6.406,-33.951,1
39.491,71.355,5
37.493,-4.078,5
13.156,145.725,2
9.512,-86.036,1
31.824,49.499,5
11.007,46.004,4
13.916,56.275,4
45.425,105.648,2
12.331,-87.46,1
-7.001,-12.728,0
35.691,22.396,5
32.977,75.88,2
16.258,-46.946,1
43.553,82.209,5
30.477,91.451,2
16.12,-98.836,3
50.745,6.743,5
9.905,57.67,4
31.539,95.312,2
39.067,71.605,5
25.826,98.74,2
28.635,-43.56,1
40.112,27.897,5
31.468,56.444,5
43.527,82.091,5
38.245,20.306,5
41.829,15.788,5
38.964,23.513,5
53.308,-35.43,5
37.389,-4.178,5
41.1,33.195,5
35.534,22.621,5
43.116,13.287,5
34.41,26.483,5
42.468,13.278,5
34.778,23.989,5
37.271,21.448,5
35.526,27.354,5
38.46,20.435,5
43.989,16.674,5
40.084,20.076,5
38.89,23.523,5
43.304,17.719,5
39.163,21.484,5
33.4816667,-116.6011667,3
32.0195,-117.275,3
33.4516667,-116.4886667,3
37.0728333,-117.202,3
35.7351667,-117.9556667,3
33.2758333,-116.1245,3
35.2318333,-119.0801667,3
34.75,-121.75,3
33.0773333,-115.6458333,3
35.7496667,-117.9271667,3
38.6711667,-118.8385,3
34.137,-117.3313333,3
32.0808333,-114.758,3
32.8675,-115.773,3
32.7966667,-116.1058333,3
32.5753333,-115.748,3
31.4348333,-115.8396667,3
38.2225,-118.4928333,3
37.9421667,-118.3478333,3
31.5298333,-116.333,3
33.4083333,-116.6066667,3
32.8305,-115.4695,3
31.9236667,-115.5543333,3
32.136,-116.177,3
33.5816667,-116.0081667,3
32.8228333,-115.4915,3
31.8221667,-115.7306667,3
33.4805,-116.4348333,3
34.7946667,-120.6656667,3
34.1458333,-116.9776667,3
32.6493333,-114.7993333,3
34.0278333,-116.8566667,3
33.0038333,-115.3715,3
35.7561667,-117.9236667,3
33.0885,-115.0001667,3
37.0918333,-116.0243333,3
35.8693333,-120.451,3
31.907,-117.2345,3
32.0145,-115.4243333,3
35.3355,-119.371,3
37.3013333,-118.1888333,3
33.2723333,-116.2861667,3
33.1528333,-116.0841667,3
35.7885,-117.938,3
32.9441667,-115.6016667,3
37.2086667,-117.9493333,3
33.9411667,-116.4723333,3
33.3003333,-116.2353333,3
36.1031667,-121.0856667,3
34.3781667,-120.8903333,3
36.6945,-115.872,3
35.7625,-117.961,3
34.3796667,-120.8513333,3
37.0846667,-116.0196667,3
34.9206667,-118.945,3
36.8,-115.95,3
36.3048333,-120.3051667,3
37.6611667,-118.1646667,3
34.1535,-119.5968333,3
37.6215,-118.442,3
36.8,-115.95,3
36.5555,-120.4948333,3
33.6146667,-120.2038333,3
35.7621667,-117.9188333,3
32.8641667,-115.4646667,3
34.8756667,-118.9766667,3
35.7561667,-117.9196667,3
37.085,-116.0203333,3
33.3015,-115.721,3
33.9666667,-118.8381667,3
36.2441667,-120.3728333,3
36.8,-115.95,3
35.801,-118.3878333,3
32.9895,-116.3605,3
36.4146667,-120.485,3
32.23,-116.488,3
32.5725,-115.7335,3
33.339,-116.4056667,3
33.9228333,-115.8241667,3
36.522,-120.5176667,3
34.2395,-116.5241667,3
33.9536667,-115.8175,3
33.9906667,-120.7465,3
34.3376667,-120.1866667,3
35.747,-117.9543333,3
33.996,-117.6153333,3
37.33,-118.2678333,3
34.0805,-118.221,3
37.1055,-117.16,3
33.304,-115.7118333,3
32.47,-116.1703333,3
33.9166667,-118.5468333,3
32.4821667,-116.2343333,3
33.9786667,-116.4625,3
34.4285,-116.322,3
35.6406667,-118.044,3
34.9838333,-118.4673333,3
35.761,-118.0203333,3
33.1308333,-116.084,3
37.1696667,-116.0425,3
34.5271667,-118.6148333,3
33.9528333,-116.7441667,3
33.2211667,-116.4585,3
33.2335,-115.8955,3
36.4803333,-117.9565,3
33.887,-116.1045,3
36.0188333,-117.9166667,3
32.3405,-116.355,3
34.1361667,-118.801,3
38.0,-118.5,3
35.7671667,-117.947,3
32.0293333,-115.1981667,3
33.4503333,-116.4546667,3
33.9446667,-116.344,3
33.5,-118.2,3
33.4751667,-116.5033333,3
35.0936667,-119.661,3
35.7393333,-117.9535,3
33.908,-115.849,3
34.1451667,-117.3366667,3
34.0393333,-119.0238333,3
33.8038333,-118.7003333,3
33.1666667,-116.0631667,3
36.6311667,-115.9046667,3
33.7163333,-116.184,3
34.0455,-117.5108333,3
34.0336667,-116.4391667,3
37.085,-116.02,3
37.7936667,-118.5468333,3
32.9995,-115.437,3
32.979,-115.7165,3
37.2981667,-118.3083333,3
34.038,-117.2365,3
34.2313333,-117.37,3
36.1318333,-117.9176667,3
37.0538333,-117.2316667,3
33.7706667,-116.5153333,3
35.773,-117.9765,3
34.1173333,-119.2393333,3
33.0436667,-115.7595,3
32.8586667,-115.4603333,3
34.5853333,-116.2283333,3
33.1323333,-119.212,3
36.3696667,-117.4216667,3
35.664,-118.0798333,3
38.0375,-118.5901667,3
37.1531667,-118.0296667,3
33.8435,-117.5151667,3
35.0041667,-116.9115,3
33.5521667,-117.1978333,3
33.9523333,-117.018,3
34.0896667,-116.7181667,3
33.0706667,-116.2451667,3
33.783,-119.4526667,3
37.1316667,-116.0386667,3
35.7675,-117.9875,3
33.8265,-115.724,3
37.8055,-118.4056667,3
33.0648333,-115.8648333,3
34.1366667,-118.6375,3
35.4468333,-118.7238333,3
33.083,-115.766,3
34.0166667,-116.7576667,3
33.468,-116.641,3
33.9283333,-116.3461667,3
35.2978333,-116.9991667,3
34.34,-119.6476667,3
32.984,-116.0758333,3
33.4893333,-116.5523333,3
35.7598333,-117.959,3
35.4296667,-118.71,3
36.0013333,-117.9633333,3
37.4063333,-118.3998333,3
35.7693333,-117.953,3
34.3231667,-116.4038333,3
33.1738333,-116.0536667,3
33.5156667,-116.548,3
35.6588333,-118.0108333,3
35.5798333,-118.0983333,3
34.9095,-118.8471667,3
32.2691667,-116.6001667,3
34.03,-117.1063333,3
33.9218333,-118.7391667,3
34.1553333,-116.5983333,3
33.117,-116.4546667,3
33.1395,-116.3785,3
35.7513333,-117.9766667,3
34.4556667,-116.3038333,3
34.2978333,-116.9296667,3
35.7581667,-117.9538333,3
34.0126667,-117.5861667,3
37.2446667,-118.1703333,3
35.1723333,-118.6615,3
32.8743333,-116.7215,3
34.3136667,-116.4415,3
35.222,-118.7411667,3
33.2091667,-116.187,3
35.954,-117.903,3
33.8891667,-118.4073333,3
32.2725,-116.5693333,3
33.9781667,-117.0238333,3
33.5348333,-116.3846667,3
33.5973333,-116.6473333,3
36.8,-115.95,3
35.3225,-119.052,3
37.9736667,-118.9776667,3
36.3413333,-118.1821667,3
33.8485,-116.1673333,3
34.2076667,-119.5211667,3
33.8146667,-119.0715,3
33.4945,-116.4986667,3
35.4573333,-118.0845,3
35.7175,-116.6865,3
34.317,-117.501,3
34.026,-116.4823333,3
33.0341667,-116.42,3
36.4328333,-117.052,3
33.8851667,-116.3205,3
35.4403333,-117.9183333,3
34.03,-117.003,3
33.8953333,-117.931,3
37.2053333,-118.0028333,3
34.1066667,-118.316,3
33.8781667,-119.2608333,3
34.4196667,-118.5653333,3
36.0273333,-117.8576667,3
35.7855,-116.7815,3
34.0405,-116.5075,3
34.5423333,-118.6515,3
34.0268333,-119.1088333,3
34.1583333,-116.5895,3
34.8858333,-118.9065,3
34.153,-117.3306667,3
36.8,-115.95,3
35.0286667,-116.7975,3
35.4758333,-118.7831667,3
34.6373333,-117.0548333,3
33.5126667,-116.6725,3
34.0298333,-117.2606667,3
35.4261667,-118.7536667,3
34.056,-116.6931667,3
34.5925,-120.5631667,3
34.8836667,-118.9018333,3
35.703,-116.6815,3
34.2328333,-117.125,3
34.6353333,-117.0826667,3
