-38.143,-73.407,1
-37.824,-73.353,1
39.869,143.228,2
-38.061,-73.039,1
-45.785,-72.889,0
-6.775,-80.918,1
-38.467,-75.031,1
-24.678,-176.248,3
-15.008,-74.867,1
-37.775,-73.017,1
-59.935,-26.266,0
39.635,143.316,2
-38.154,-72.917,1
-39.071,-72.813,1
-37.86,-73.149,1
40.341,142.335,2
40.09,129.89,2
51.252,-168.865,3
-16.97,167.433,2
-44.808,-75.985,1
-6.19,150.032,2
-39.964,-74.783,1
-7.508,130.761,2
13.792,51.726,4
55.953,162.745,3
-4.617,153.487,2
0.769,128.909,2
-9.337,152.439,2
-9.3,152.77,2
19.316,144.888,2
-24.56,-176.31,3
52.371,160.429,3
-3.995,127.731,2
29.181,130.004,2
-28.5,167.61,2
-38.543,-73.866,1
51.742,-131.39,3
55.626,162.972,3
51.363,178.883,3
-3.536,29.031,4
51.753,-172.247,3
-0.926,123.114,2
-58.134,-65.672,0
39.516,143.321,2
-38.162,-72.691,1
-30.074,-177.724,3
-6.123,154.718,2
54.698,161.442,3
-60.607,-25.489,0
52.232,-168.092,3
-55.877,-1.89,0
-3.998,127.456,2
-16.094,-179.094,3
33.093,134.885,2
-6.104,152.444,2
7.388,-81.878,1
-37.689,-72.436,1
-5.621,151.356,2
0.404,98.098,2
6.838,-77.542,1
-3.25,29.16,4
-10.257,161.197,2
-11.031,164.937,2
-31.125,-177.526,3
32.706,103.629,2
-62.847,155.879,0
-55.591,-27.278,0
-4.071,127.522,2
-4.119,127.449,2
-7.247,155.849,2
39.235,143.303,2
-13.702,166.06,2
-3.238,130.838,2
-37.364,-73.194,1
-41.579,-73.367,1
-43.1,-75.287,1
-37.859,-73.152,1
-44.187,167.818,2
40.619,20.629,5
17.638,-61.749,1
-36.281,-98.015,1
-32.334,-177.698,3
-54.43,1.519,0
40.283,-126.824,3
-24.506,-177.008,3
-35.432,-15.831,0
44.686,149.381,3
-23.483,-70.265,1
53.053,159.963,3
-23.266,-70.372,1
-40.134,-74.788,1
-27.64,-176.08,3
-27.571,-176.244,3
11.374,42.609,4
-15.935,-179.264,3
38.667,143.014,2
0.852,128.776,2
23.93,-108.427,3
39.781,143.225,2
-61.377,155.086,0
-13.314,166.005,2
-17.616,66.166,4
-48.089,-75.698,0
-43.642,-73.613,1
-37.895,-73.014,1
-46.215,-74.058,0
-18.189,168.381,2
-15.54,-173.873,3
-0.61,133.042,2
-42.904,-73.836,1
50.191,-177.023,3
-44.735,-76.121,1
-14.679,-175.891,3
-16.523,167.606,2
-16.512,167.69,2
34.947,141.419,2
-36.219,52.76,4
-4.583,153.189,2
52.411,-168.163,3
52.123,160.21,3
52.21,160.786,3
-55.585,-27.475,0
-55.667,-27.135,0
-15.8,-179.407,3
-29.861,-111.881,1
51.146,-177.853,3
39.619,143.42,2
-13.569,166.014,2
18.798,-105.508,3
-6.169,147.766,2
25.986,-110.262,3
-60.562,-24.872,0
-27.099,-113.33,1
-50.88,-73.157,0
-37.713,-72.77,1
-39.649,-75.612,1
40.729,-124.792,3
-32.461,-177.733,3
4.849,127.48,2
-4.924,152.431,2
-20.1,170.124,2
-19.769,170.079,2
56.21,163.836,3
56.239,-153.671,3
28.839,98.394,2
49.323,155.537,3
51.721,-172.472,3
-38.874,-91.537,1
-10.989,164.873,2
39.081,20.668,5
-19.145,-172.944,3
-44.089,-76.018,1
52.132,160.484,3
52.295,160.397,3
52.356,160.534,3
-55.57,-27.115,0
-15.326,-75.396,1
-16.22,-172.558,3
-15.782,-173.076,3
39.765,143.232,2
39.137,143.598,2
-13.672,166.048,2
-60.633,-24.838,0
27.814,54.497,5
-0.023,121.642,2
-37.749,-73.23,1
-43.092,-75.904,1
-44.74,-76.603,1
-31.911,-177.978,3
51.638,-173.188,3
-30.215,-177.363,3
48.847,157.625,3
-5.998,150.139,2
-19.257,-173.926,3
52.411,-169.458,3
52.121,-171.566,3
-35.304,-106.133,1
-20.895,-174.577,3
15.724,119.709,2
-3.672,29.146,4
-7.216,155.449,2
8.016,93.111,2
71.292,-9.134,5
52.598,-168.001,3
-24.349,-176.059,3
41.327,44.056,5
-23.069,-175.356,3
-59.815,-26.042,0
27.198,-111.885,3
23.401,122.323,2
52.439,160.39,3
51.278,-177.89,3
30.351,-9.69,5
7.384,94.235,2
41.805,20.977,5
39.906,143.194,2
39.146,143.564,2
-22.474,173.67,2
48.953,-128.877,3
15.425,-92.014,1
7.467,-80.805,1
54.898,-161.262,3
-38.064,-73.962,1
-37.975,-73.127,1
-45.166,-76.255,1
-9.239,152.823,2
40.261,142.634,2
-4.627,-105.531,1
-60.587,-20.847,0
-56.053,-27.757,0
51.554,-131.27,3
-38.534,-73.555,1
25.701,125.436,2
-16.047,-171.753,3
56.231,164.163,3
-44.047,-75.769,1
-28.607,-176.771,3
40.363,142.462,2
29.057,60.02,5
-37.109,-15.686,0
27.504,128.539,2
19.659,-70.334,1
-5.714,103.069,2
-38.323,-73.068,1
-35.919,-102.769,1
13.844,51.566,4
43.7,84.542,2
21.782,-45.533,1
-6.184,154.425,2
29.411,81.158,2
-10.054,161.011,2
-15.278,-173.262,3
-16.338,-173.227,3
-13.663,165.92,2
44.653,126.924,2
-2.763,-109.592,1
-59.742,-26.368,0
35.138,-35.015,5
-30.202,-177.572,3
36.853,69.934,5
31.906,67.379,5
28.074,54.363,5
50.917,179.092,3
36.377,141.58,2
-13.641,66.044,4
-19.802,-11.831,0
0.649,-25.943,1
-16.002,-179.052,3
-16.126,-178.859,3
-20.878,-174.408,3
49.386,155.592,3
-22.255,-174.422,3
52.871,107.925,2
58.406,-32.113,5
55.441,-35.263,5
14.57,-92.613,1
-15.678,-173.031,3
-11.295,-12.995,0
37.799,20.217,5
-5.433,102.88,2
59.679,-151.215,3
6.418,94.756,2
16.046,95.832,2
-42.217,173.17,2
38.841,20.587,5
41.555,142.121,2
19.489,-104.594,3
38.114,-26.349,5
55.88,165.04,3
-45.981,-74.465,0
40.606,23.415,5
26.488,90.297,2
-11.562,166.233,2
-27.091,-176.484,3
16.79,122.293,2
32.441,95.857,2
49.445,-129.522,3
58.201,-32.063,5
38.724,20.681,5
38.4063333,-119.0971667,3
6.352,94.547,2
51.531,158.276,3
35.19,23.035,5
52.882,159.942,3
30.484,130.668,2
36.38,69.693,5
45.069,26.829,5
40.104,38.701,5
44.691,15.293,5
31.5,-114.0,3
32.0766667,-116.043,3
35.1405,-117.0495,3
31.5,-114.0,3
31.3273333,-116.1798333,3
32.229,-115.733,3
33.1326667,-116.4793333,3
32.7091667,-115.7263333,3
34.1263333,-117.4773333,3
35.5563333,-121.351,3
33.7318333,-120.8025,3
32.4656667,-115.7761667,3
32.0715,-116.2186667,3
32.2613333,-115.2946667,3
32.0493333,-116.2248333,3
37.7056667,-118.4123333,3
31.0971667,-116.0796667,3
31.6733333,-116.2348333,3
32.0673333,-116.1143333,3
35.2978333,-118.5251667,3
33.7915,-116.1196667,3
31.656,-115.9901667,3
31.6235,-116.4035,3
31.5655,-116.2538333,3
32.6546667,-115.6936667,3
35.9206667,-120.8611667,3
33.6866667,-118.369,3
34.1558333,-117.4346667,3
36.43,-120.7526667,3
31.6298333,-115.9611667,3
35.3,-119.3333333,3
37.1611667,-117.8273333,3
34.0111667,-117.5865,3
32.1366667,-116.299,3
31.5635,-116.3976667,3
32.1628333,-115.9893333,3
35.29,-119.2571667,3
32.4518333,-115.7661667,3
33.1588333,-116.4613333,3
32.196,-114.9975,3
31.9361667,-114.9148333,3
33.0315,-115.8791667,3
32.2476667,-115.7981667,3
33.7603333,-116.1201667,3
31.9936667,-116.0006667,3
32.721,-115.7968333,3
32.2211667,-115.9048333,3
31.4865,-116.2041667,3
31.6681667,-115.767,3
33.241,-117.4716667,3
33.1158333,-116.3926667,3
33.1236667,-116.0003333,3
32.6583333,-115.7126667,3
34.0681667,-117.3008333,3
30.7763333,-117.9928333,3
32.1915,-115.0368333,3
34.9913333,-118.8283333,3
33.185,-118.9393333,3
35.7661667,-117.9438333,3
33.1126667,-116.3946667,3
33.237,-119.1321667,3
35.0486667,-119.2491667,3
35.053,-118.9048333,3
32.6118333,-115.7173333,3
34.328,-116.344,3
35.4191667,-116.2883333,3
34.9296667,-118.8118333,3
34.1251667,-116.6343333,3
33.1235,-116.4111667,3
34.2796667,-119.1003333,3
33.3151667,-116.4945,3
33.111,-116.0438333,3
36.2255,-118.3125,3
33.7141667,-118.026,3
35.6703333,-119.7268333,3
35.3305,-118.6135,3
35.0426667,-119.0461667,3
35.032,-118.945,3
34.0531667,-116.9608333,3
33.1061667,-116.4466667,3
35.64,-119.3013333,3
35.7265,-118.3855,3
33.0698333,-116.5851667,3
33.118,-116.4035,3
34.1938333,-116.3553333,3
33.72,-117.9033333,3
34.3653333,-118.9785,3
32.917,-115.47,3
32.8218333,-118.1571667,3
35.3506667,-118.5636667,3
35.9735,-118.4083333,3
35.6131667,-119.2751667,3
35.1335,-116.7366667,3
32.6375,-115.6775,3
35.5945,-117.5138333,3
33.9396667,-117.5621667,3
34.9411667,-116.5143333,3
33.893,-118.6603333,3
35.0728333,-118.9436667,3
33.4153333,-116.4301667,3
35.4205,-118.7391667,3
34.337,-119.8323333,3
34.3018333,-116.345,3
34.6993333,-116.4728333,3
34.0268333,-116.6945,3
34.0148333,-117.7106667,3
34.9715,-116.8971667,3
32.705,-118.2666667,3
35.367,-118.5441667,3
35.2618333,-118.671,3
36.1558333,-118.0586667,3
35.074,-119.0631667,3
35.3805,-118.6816667,3
33.9773333,-117.5733333,3
34.0081667,-118.842,3
33.9816667,-117.7386667,3
33.2701667,-118.7071667,3
34.983,-119.0551667,3
35.9765,-117.447,3
33.8681667,-117.0476667,3
33.7545,-117.5373333,3
32.941,-117.605,3
33.6765,-118.0523333,3
35.3231667,-118.5616667,3
33.8005,-118.614,3
34.0905,-117.7781667,3
35.3583333,-118.4875,3
35.249,-118.6781667,3
34.932,-119.2783333,3
35.3461667,-118.5358333,3
35.2361667,-118.5435,3
34.3176667,-116.3298333,3
33.4878333,-116.5631667,3
34.1041667,-117.796,3
34.1636667,-117.5438333,3
35.7588333,-118.4026667,3
35.1175,-118.6775,3
33.2298333,-118.357,3
33.9333333,-118.6436667,3
34.2733333,-116.373,3
34.9961667,-118.867,3
33.9566667,-117.8223333,3
34.5981667,-117.0001667,3
33.9981667,-116.3756667,3
33.6998333,-116.744,3
34.8988333,-116.6343333,3
33.807,-117.9573333,3
32.8011667,-117.0716667,3
33.9966667,-117.7181667,3
35.2758333,-118.5316667,3
35.0055,-118.5136667,3
33.6638333,-118.048,3
34.0845,-117.4805,3
34.0716667,-117.5215,3
33.6048333,-118.2848333,3
33.1288333,-115.9915,3
34.18,-117.4496667,3
34.6286667,-117.1231667,3
33.6201667,-117.9955,3
33.6555,-117.9631667,3
34.0803333,-117.5051667,3
34.1445,-117.387,3
35.1131667,-118.4335,3
34.6041667,-117.0538333,3
33.9643333,-117.8123333,3
33.982,-117.0123333,3
35.0436667,-117.7088333,3
34.8621667,-116.6123333,3
33.9618333,-117.6138333,3
35.3008333,-118.86,3
