-1.597,-72.532,1
-9.183,-78.737,1
15.791,121.63,2
51.692,-131.055,3
14.52,-92.653,1
-59.232,158.902,0
52.301,151.613,3
15.648,-59.694,1
6.785,126.682,2
-54.476,-64.499,0
24.185,102.543,2
52.487,-174.915,3
27.236,140.23,2
-52.028,-74.07,0
32.053,131.782,2
25.977,95.34,2
39.098,29.57,5
15.136,122.064,2
-14.057,166.657,2
-4.999,145.396,2
-34.85,178.782,2
-25.946,-177.219,3
6.754,126.451,2
6.843,-104.189,3
12.584,121.952,2
0.288,119.364,2
59.702,-142.683,3
43.191,47.14,5
37.733,55.885,5
-3.428,135.544,2
-19.091,168.672,2
-17.07,168.634,2
-18.715,169.318,2
14.425,-92.847,1
14.545,-93.254,1
-24.418,-68.413,1
-8.683,124.0,2
14.248,51.995,4
17.717,147.629,2
6.214,-77.488,1
-12.592,166.488,2
-5.923,112.997,2
15.457,121.723,2
-22.261,-70.276,1
-13.871,166.721,2
11.892,-86.63,1
-4.668,153.137,2
52.224,151.521,3
6.375,-77.438,1
-32.003,-178.011,3
12.081,123.863,2
42.523,143.05,2
15.518,-99.576,3
-9.956,-78.536,1
-21.678,-179.392,3
-13.856,166.677,2
-56.343,-142.65,0
38.751,142.321,2
-6.45,154.61,2
43.424,147.932,2
9.131,93.926,2
-11.803,-13.97,0
46.254,142.423,2
28.532,129.075,2
-9.583,151.493,2
51.411,173.58,3
38.304,22.682,5
50.224,91.118,5
-11.591,166.411,2
42.51,78.691,5
-22.137,-174.647,3
-37.881,177.546,2
-1.119,-13.887,0
-13.509,166.602,2
-3.457,86.146,2
-31.915,-177.896,3
-5.135,145.077,2
-15.071,166.98,2
12.213,143.847,2
44.683,148.909,3
15.219,122.624,2
-4.317,151.837,2
40.139,143.117,2
-9.302,-79.092,1
15.428,-45.907,1
-7.833,158.804,2
-4.056,152.156,2
32.158,131.873,2
-32.049,-177.898,3
39.237,140.718,2
22.78,121.349,2
1.956,126.827,2
16.062,-59.854,1
-20.672,-178.766,3
23.083,100.771,2
24.126,122.253,2
43.473,147.547,2
50.144,-179.788,3
7.273,126.891,2
59.61,-142.594,3
42.928,147.232,2
38.972,29.753,5
-41.767,79.876,4
18.586,145.303,2
43.078,47.131,5
-55.801,-28.148,0
-9.975,-78.352,1
-51.015,139.266,2
17.901,-64.638,1
43.721,148.421,2
-19.006,-173.459,3
51.329,-178.508,3
-17.853,-178.109,3
-16.904,167.874,2
-6.525,154.697,2
43.489,147.11,2
9.066,126.421,2
15.785,-59.808,1
7.326,126.857,2
-10.169,123.233,2
43.321,147.489,2
46.943,154.2,3
54.513,163.189,3
12.687,121.924,2
47.184,154.092,3
47.284,153.782,3
-20.724,-176.668,3
57.399,-154.058,3
-29.701,-69.397,1
-22.13,126.691,2
-6.253,154.667,2
-20.666,-173.859,3
34.579,141.629,2
38.944,29.747,5
52.967,171.366,3
14.326,-93.373,1
40.267,143.095,2
-14.978,-173.427,3
44.859,149.53,3
-16.015,-71.724,1
43.343,147.551,2
-10.125,-78.543,1
39.802,77.679,5
1.1,126.177,2
-13.909,166.651,2
60.538,-145.537,3
-15.223,-173.298,3
13.124,144.537,2
20.73,122.003,2
-6.821,155.007,2
-41.361,80.434,4
-28.871,-112.701,1
-21.019,-69.86,1
-4.164,142.904,2
16.78,-60.698,1
57.15,163.178,3
16.094,-59.753,1
23.984,102.732,2
-14.575,167.34,2
-10.012,-75.633,1
-0.045,122.999,2
43.439,147.521,2
39.579,143.546,2
-3.629,69.61,4
-20.277,-173.861,3
-13.863,166.821,2
59.571,-142.807,3
-55.288,-124.27,0
15.716,121.695,2
14.499,-93.689,1
40.256,143.043,2
-15.764,-172.872,3
-2.927,139.129,2
-7.927,158.7,2
4.521,123.113,2
18.051,120.486,2
15.374,-95.758,3
-33.802,-179.615,2
-50.206,-114.136,1
43.758,147.511,2
-59.661,-26.54,0
35.29,-35.796,5
43.411,146.997,2
43.489,-128.038,3
-21.092,-69.797,1
-59.825,-28.582,0
8.187,126.286,2
8.142,58.377,4
-9.166,117.235,2
21.393,146.713,2
7.44,-72.1,1
43.031,147.763,2
24.371,102.302,2
-5.936,130.638,2
-22.378,170.363,2
27.771,54.54,5
59.51,-143.636,3
13.567,120.466,2
12.702,122.247,2
-19.159,168.386,2
15.527,121.811,2
13.067,-92.371,1
-18.966,-173.545,3
-21.08,-174.311,3
-9.971,119.065,2
-8.044,156.373,2
14.76,-93.413,1
14.635,-93.393,1
14.466,-93.312,1
14.228,-92.83,1
51.421,-178.606,3
-57.45,-26.041,0
12.233,124.592,2
-10.169,-78.616,1
5.83,-82.627,1
5.193,-82.682,1
-61.376,160.668,0
51.591,-131.325,3
7.382,126.84,2
13.938,120.357,2
10.769,125.387,2
-9.241,-79.09,1
-8.991,117.933,2
-10.526,161.549,2
52.19,159.409,3
8.821,127.256,2
6.239,-77.476,1
-6.809,130.481,2
53.828,160.351,3
-4.2,143.091,2
-13.666,66.374,4
6.813,-82.609,1
-22.126,-69.957,1
12.708,143.227,2
-6.08,148.591,2
15.045,120.047,2
40.726,144.715,2
16.086,-59.65,1
43.373,147.809,2
6.71,126.863,2
6.71,126.765,2
-5.344,154.344,2
51.258,177.215,3
-10.829,165.955,2
43.149,147.667,2
43.341,147.929,2
46.932,154.204,3
-8.734,124.062,2
-8.012,119.726,2
1.77,126.612,2
-31.077,116.567,2
5.008,125.339,2
40.212,140.312,2
29.831,129.496,2
-5.632,-80.2,1
39.817,141.944,2
45.106,149.24,3
-27.595,-177.911,3
15.263,122.063,2
-33.308,19.486,0
39.071,28.808,5
-8.025,156.511,2
-5.116,152.296,2
-10.206,-78.748,1
-9.777,-78.772,1
63.322,146.147,3
-9.987,-78.634,1
43.81,148.399,2
-15.922,-173.823,3
-60.571,-25.255,0
-34.023,-72.294,1
-33.516,-71.908,1
54.573,162.738,3
-56.276,-27.421,0
43.276,148.115,2
-36.533,-97.292,1
79.744,2.675,5
61.981,-151.024,3
-21.723,175.408,2
-2.02,134.169,2
24.336,122.426,2
-0.972,126.791,2
1.734,127.282,2
0.909,-28.097,1
1.354,126.408,2
28.188,130.655,2
15.771,-59.783,1
55.109,-160.395,3
-29.4,-177.169,3
60.25,-152.734,3
49.678,154.878,3
9.846,125.912,2
30.607,103.203,2
27.756,56.316,5
-19.746,-178.538,3
24.126,142.874,2
15.662,121.852,2
15.164,122.443,2
59.804,-152.78,3
-11.437,119.922,2
43.217,146.616,2
-6.816,125.34,2
-3.53,145.239,2
43.873,147.061,2
-10.258,-78.614,1
52.161,159.499,3
56.624,-152.225,3
55.031,-156.639,3
4.131,126.215,2
-9.197,-79.148,1
2.067,126.439,2
-15.834,-173.514,3
2.644,97.867,2
12.022,-86.683,1
51.03,135.347,2
53.251,158.82,3
-29.174,-176.753,3
74.697,8.694,5
-36.36,-97.337,1
18.333,120.792,2
18.477,120.837,2
-31.958,-178.149,3
-1.019,126.814,2
28.15,142.61,2
2.199,128.322,2
18.35,146.034,2
47.328,152.556,3
37.3005,-116.5341667,3
53.466,160.309,3
29.477,56.714,5
34.2548333,-117.5343333,3
37.0981667,-116.0265,3
37.0861667,-116.0211667,3
37.0838333,-116.0016667,3
37.1133333,-116.0623333,3
37.0706667,-116.0051667,3
37.1205,-116.0348333,3
37.1618333,-116.0388333,3
37.1163333,-116.0613333,3
37.0366667,-115.9996667,3
37.2165,-116.184,3
31.8823333,-115.982,3
37.18,-116.2108333,3
37.0708333,-116.013,3
37.0295,-116.0118333,3
37.0066667,-116.0228333,3
32.0118333,-115.9436667,3
37.164,-116.0388333,3
37.1826667,-116.2133333,3
34.2601667,-117.5383333,3
37.1138333,-116.0861667,3
37.9586667,-115.4185,3
30.4931667,-116.5546667,3
37.0,-116.0,3
37.2125,-115.9758333,3
47.3383333,-122.3851667,3
37.0308333,-116.0348333,3
37.1156667,-116.0801667,3
35.4191667,-117.7913333,3
37.3606667,-115.6661667,3
37.0548333,-115.9881667,3
36.9495,-114.9081667,3
34.2583333,-117.5011667,3
32.3196667,-115.9788333,3
37.2163333,-115.8775,3
34.7056667,-121.4303333,3
37.1373333,-116.0368333,3
37.0011667,-116.0228333,3
31.8068333,-115.171,3
37.0,-116.0,3
36.5283333,-121.0918333,3
37.1396667,-116.0368333,3
36.8605,-115.8991667,3
37.0591667,-116.0281667,3
37.7618333,-116.0883333,3
31.816,-114.7966667,3
37.13,-116.05,3
31.9153333,-115.891,3
37.0,-114.0,3
33.0423333,-115.2415,3
37.47,-116.9926667,3
37.0231667,-116.0916667,3
36.5065,-120.3905,3
32.9626667,-116.2123333,3
36.4878333,-120.4491667,3
37.1396667,-115.749,3
34.5743333,-121.5658333,3
35.9455,-120.9155,3
34.5155,-121.5316667,3
37.4333333,-118.7435,3
35.9231667,-120.4733333,3
31.7421667,-116.0175,3
33.2175,-115.9295,3
34.8181667,-121.3425,3
33.0746667,-116.384,3
34.7625,-121.5408333,3
32.0521667,-115.7655,3
32.2211667,-115.691,3
31.971,-115.6793333,3
34.2408333,-115.815,3
32.9151667,-116.2396667,3
37.0,-116.0,3
34.7466667,-121.4031667,3
35.469,-118.3426667,3
32.1828333,-115.7436667,3
36.2781667,-118.3638333,3
34.8585,-121.488,3
36.4653333,-117.695,3
37.3813333,-116.4238333,3
32.8676667,-118.1481667,3
46.654,-120.4035,3
33.7438333,-118.3988333,3
36.133,-121.688,3
31.5953333,-115.756,3
35.0605,-118.9843333,3
31.9735,-115.9953333,3
31.6138333,-116.2946667,3
31.7758333,-115.1848333,3
34.1646667,-117.2638333,3
32.4678333,-115.7638333,3
33.9878333,-118.4308333,3
33.9478333,-118.2465,3
33.9575,-116.6345,3
36.7621667,-121.6056667,3
36.0011667,-120.469,3
37.0288333,-115.9918333,3
34.8578333,-121.2581667,3
34.2298333,-117.5091667,3
32.2296667,-115.0375,3
36.2738333,-115.8278333,3
46.746,-119.3475,3
46.7565,-119.3728333,3
36.7715,-121.5218333,3
33.2555,-119.812,3
34.361,-119.2325,3
32.1726667,-115.7236667,3
34.6231667,-121.7928333,3
35.7733333,-118.015,3
34.1306667,-116.1236667,3
34.3278333,-116.772,3
34.6443333,-121.4308333,3
34.037,-115.9903333,3
31.9638333,-115.2055,3
36.1758333,-118.284,3
37.5431667,-116.2236667,3
31.8396667,-117.2431667,3
34.7803333,-121.8971667,3
37.613,-118.6183333,3
37.4196667,-116.3928333,3
31.7851667,-115.988,3
31.945,-116.4203333,3
33.949,-117.753,3
32.035,-117.022,3
31.5918333,-115.8176667,3
36.4895,-120.467,3
31.5078333,-115.4575,3
36.312,-118.3301667,3
47.4116667,-121.421,3
32.9571667,-115.8985,3
36.278,-118.3313333,3
32.031,-115.9185,3
34.2303333,-117.0773333,3
32.4288333,-115.2815,3
34.943,-121.6655,3
35.9613333,-120.1696667,3
34.3961667,-119.8425,3
32.5845,-115.1195,3
34.19,-119.6926667,3
32.2075,-115.766,3
33.9703333,-118.3561667,3
33.9321667,-118.332,3
36.2073333,-118.274,3
32.7458333,-118.3595,3
35.3363333,-118.5398333,3
36.8215,-118.075,3
34.6423333,-115.817,3
36.298,-118.3361667,3
33.2588333,-119.5025,3
32.6621667,-118.3373333,3
35.789,-117.675,3
35.5305,-118.023,3
35.0491667,-118.994,3
36.5343333,-120.1576667,3
34.245,-117.5446667,3
34.2436667,-117.5008333,3
36.1298333,-117.6803333,3
32.8268333,-115.4265,3
47.6166667,-121.8025,3
46.8863333,-117.5686667,3
34.7638333,-121.9186667,3
36.4868333,-120.0415,3
34.24,-117.5245,3
32.1141667,-115.109,3
33.0161667,-116.3958333,3
36.4503333,-120.9945,3
34.2881667,-116.3958333,3
34.2338333,-117.5198333,3
33.9938333,-118.5448333,3
36.601,-121.2073333,3
32.1281667,-116.3163333,3
31.5028333,-116.1858333,3
32.2645,-115.7795,3
33.9605,-116.8305,3
32.497,-115.2568333,3
34.2751667,-117.5138333,3
36.242,-118.32,3
33.8158333,-116.1195,3
32.5253333,-115.365,3
32.7375,-118.3613333,3
33.9231667,-118.2418333,3
34.7746667,-116.0823333,3
34.206,-119.6956667,3
32.2995,-115.7285,3
32.0926667,-116.3448333,3
33.1085,-116.0888333,3
34.2456667,-117.524,3
35.8723333,-120.2166667,3
32.9721667,-117.6818333,3
37.8215,-119.0021667,3
35.0426667,-119.175,3
36.057,-117.6686667,3
33.3195,-119.1691667,3
32.175,-114.6763333,3
35.9016667,-120.3095,3
46.6873333,-118.872,3
33.6221667,-116.6971667,3
33.2588333,-115.9601667,3
37.6826667,-118.8125,3
36.2253333,-118.3278333,3
34.607,-120.9806667,3
34.1961667,-119.7073333,3
33.2403333,-116.275,3
33.1048333,-115.9421667,3
36.245,-121.4271667,3
33.7488333,-117.0383333,3
36.0153333,-120.1385,3
31.9846667,-116.8565,3
35.9023333,-117.4373333,3
34.6978333,-116.0445,3
33.6688333,-118.0505,3
35.9348333,-120.2265,3
33.2428333,-115.986,3
32.2953333,-115.0603333,3
31.8853333,-115.898,3
34.4358333,-119.112,3
31.767,-116.3023333,3
33.7341667,-118.1388333,3
33.6775,-120.1941667,3
32.0148333,-114.5246667,3
32.0635,-116.9443333,3
34.3635,-116.9293333,3
37.302,-118.1296667,3
33.7983333,-117.0475,3
33.8415,-116.2471667,3
33.8583333,-116.2808333,3
33.8685,-117.0838333,3
32.1076667,-116.8748333,3
33.3653333,-119.1255,3
37.5451667,-118.4078333,3
35.813,-118.0636667,3
48.2035,-121.3553333,3
32.7905,-115.433,3
32.6641667,-115.481,3
46.7563333,-119.3783333,3
47.1291667,-123.0421667,3
46.2251667,-120.1153333,3
33.1071667,-118.5658333,3
34.813,-121.449,3
32.9588333,-116.305,3
33.122,-117.6545,3
33.4353333,-119.082,3
34.6791667,-116.3413333,3
33.9555,-116.708,3
32.0416667,-115.9681667,3
34.0278333,-117.272,3
33.441,-119.104,3
34.0096667,-117.119,3
34.029,-116.3921667,3
36.1285,-120.5265,3
33.4815,-116.4198333,3
32.9051667,-116.0995,3
35.7451667,-117.6638333,3
33.288,-119.0578333,3
35.1771667,-118.4608333,3
34.1768333,-119.6616667,3
33.855,-115.5355,3
34.0631667,-117.7996667,3
32.7185,-115.4575,3
32.0925,-117.3271667,3
33.9078333,-115.5713333,3
37.3993333,-116.449,3
36.0673333,-117.9861667,3
35.4991667,-118.2805,3
32.5181667,-115.2766667,3
34.2218333,-117.5488333,3
33.9808333,-116.6333333,3
34.0691667,-117.8121667,3
34.3685,-116.6121667,3
32.1016667,-116.1193333,3
32.7648333,-117.1448333,3
32.9275,-115.5328333,3
33.6463333,-115.647,3
36.0043333,-118.372,3
47.3748333,-123.1065,3
47.6105,-121.7983333,3
46.7135,-118.2835,3
46.9901667,-122.0588333,3
46.7585,-119.3878333,3
46.442,-119.2915,3
46.4298333,-119.299,3
46.8278333,-120.3603333,3
34.3098333,-116.7668333,3
34.6493333,-115.837,3
34.37,-119.4448333,3
32.0186667,-116.2178333,3
36.0243333,-117.9105,3
36.559,-118.1286667,3
33.2226667,-115.9666667,3
36.3621667,-120.5756667,3
32.1988333,-115.0188333,3
34.2335,-117.5026667,3
35.2623333,-118.634,3
33.8591667,-118.2956667,3
34.2743333,-116.715,3
32.8085,-115.4526667,3
32.6993333,-118.3665,3
34.7368333,-115.9295,3
37.5836667,-118.6145,3
36.3353333,-118.185,3
34.0461667,-116.7255,3
34.2753333,-116.7813333,3
35.0606667,-118.9621667,3
33.001,-116.2231667,3
34.0085,-116.8005,3
34.1503333,-117.3013333,3
32.8566667,-115.485,3
37.3765,-118.0473333,3
32.4485,-115.28,3
33.469,-117.7325,3
33.3515,-116.3243333,3
32.2593333,-117.0103333,3
34.159,-117.2975,3
32.4288333,-115.2423333,3
33.2456667,-116.8023333,3
33.9653333,-116.3156667,3
33.9368333,-118.2843333,3
33.9243333,-118.2886667,3
35.0558333,-117.7066667,3
35.8436667,-119.2255,3
32.9066667,-115.5705,3
35.0691667,-118.944,3
33.9228333,-115.4996667,3
35.0205,-117.684,3
33.2046667,-115.6615,3
35.0485,-118.9536667,3
35.3558333,-118.5683333,3
46.4285,-120.151,3
47.631,-121.771,3
47.8211667,-122.4473333,3
47.5901667,-122.8048333,3
33.8461667,-118.3003333,3
35.263,-118.595,3
36.1161667,-118.056,3
35.8008333,-119.9455,3
35.3761667,-118.5885,3
37.3956667,-117.7576667,3
37.4045,-117.437,3
34.6216667,-117.1128333,3
32.5808333,-115.7406667,3
34.0776667,-116.8443333,3
36.2071667,-120.4998333,3
35.3438333,-118.9216667,3
37.4081667,-117.6375,3
33.7173333,-117.4818333,3
37.4521667,-117.7155,3
34.0343333,-118.4325,3
36.2808333,-118.3761667,3
35.0026667,-116.8238333,3
32.7071667,-115.417,3
34.3078333,-117.1398333,3
35.1068333,-118.6328333,3
33.1985,-115.0326667,3
32.9753333,-115.9035,3
34.3335,-116.8433333,3
35.3223333,-118.6513333,3
36.3343333,-118.3906667,3
34.5693333,-116.353,3
32.8791667,-115.5736667,3
35.3866667,-118.514,3
34.6365,-117.1045,3
34.2368333,-117.504,3
35.0248333,-117.675,3
35.032,-117.6756667,3
32.866,-115.5593333,3
36.0351667,-118.0816667,3
35.3575,-118.6001667,3
36.2451667,-118.334,3
34.7093333,-116.3586667,3
36.0645,-117.686,3
32.7673333,-118.057,3
33.9366667,-116.7386667,3
35.3136667,-118.6328333,3
35.3896667,-118.588,3
32.9535,-115.5741667,3
34.9998333,-117.6161667,3
34.164,-117.5668333,3
34.92,-118.9558333,3
32.8196667,-115.5665,3
34.0603333,-117.7943333,3
46.8353333,-118.29,3
47.646,-120.2785,3
33.8913333,-116.3735,3
46.2283333,-120.08,3
46.3418333,-117.751,3
48.2043333,-119.4926667,3
47.055,-122.039,3
46.9758333,-119.8126667,3
45.7121667,-120.6401667,3
35.0188333,-117.6523333,3
46.8663333,-121.7785,3
35.7973333,-117.6771667,3
33.7103333,-116.8123333,3
34.2,-119.747,3
33.9266667,-117.0668333,3
35.0433333,-117.6815,3
32.4695,-115.2745,3
34.2511667,-117.5481667,3
33.0696667,-115.607,3
34.3718333,-116.7791667,3
34.4265,-119.7685,3
34.529,-119.8981667,3
32.935,-115.532,3
37.2561667,-117.3396667,3
33.8533333,-116.5526667,3
34.2475,-119.548,3
34.4058333,-118.557,3
32.5575,-115.4136667,3
34.3111667,-116.8143333,3
32.9621667,-115.5283333,3
32.912,-115.5423333,3
35.9823333,-118.8456667,3
34.8256667,-120.0006667,3
33.065,-115.4346667,3
35.677,-117.5755,3
33.9633333,-115.5073333,3
34.7073333,-116.0766667,3
36.1171667,-118.0691667,3
35.0548333,-117.6735,3
35.7351667,-117.7336667,3
33.8658333,-116.2416667,3
35.0711667,-118.9188333,3
34.4006667,-116.3931667,3
37.4805,-118.1641667,3
35.5453333,-118.4576667,3
32.8763333,-115.5618333,3
46.3328333,-118.3911667,3
37.3093333,-118.177,3
46.2988333,-120.1551667,3
33.8393333,-116.2605,3
36.0646667,-117.6703333,3
47.345,-121.764,3
47.167,-119.6538333,3
34.0815,-116.8428333,3
33.4186667,-116.3175,3
33.9963333,-117.234,3
35.0091667,-120.7246667,3
32.9686667,-115.531,3
36.0228333,-117.9041667,3
34.107,-117.7321667,3
34.0503333,-116.1646667,3
33.0175,-115.5413333,3
35.7898333,-118.4758333,3
32.3013333,-115.0705,3
35.9093333,-118.0123333,3
34.1638333,-117.5511667,3
34.1595,-117.5625,3
34.6118333,-117.1081667,3
34.599,-117.086,3
35.0545,-117.6888333,3
32.8011667,-115.7315,3
34.6016667,-117.0861667,3
34.6538333,-117.1413333,3
35.0536667,-119.0103333,3
32.9235,-115.5013333,3
37.1816667,-117.3603333,3
35.4146667,-118.5066667,3
34.5125,-118.33,3
35.783,-118.5011667,3
33.9581667,-117.7333333,3
34.2725,-117.28,3
35.0675,-118.9391667,3
34.2591667,-117.5371667,3
35.8891667,-118.0475,3
35.4065,-117.9545,3
34.2953333,-117.2956667,3
35.5146667,-118.36,3
35.4478333,-117.8013333,3
35.0493333,-117.7053333,3
34.092,-118.3738333,3
34.2886667,-116.4833333,3
35.157,-118.4491667,3
34.416,-118.3606667,3
34.3506667,-119.4345,3
33.887,-116.0583333,3
35.217,-119.2845,3
32.3231667,-115.1741667,3
34.9746667,-117.6311667,3
36.2171667,-118.3561667,3
32.9306667,-115.4973333,3
36.1565,-120.0098333,3
34.2736667,-117.3143333,3
33.9621667,-116.8823333,3
33.7513333,-115.5918333,3
35.3475,-117.865,3
35.4743333,-119.8301667,3
35.9011667,-117.641,3
46.9236667,-118.215,3
46.6451667,-118.7805,3
46.6683333,-118.2745,3
46.2996667,-120.1378333,3
46.8821667,-119.4555,3
33.0143333,-115.5291667,3
35.8903333,-117.6953333,3
35.989,-117.8766667,3
33.1431667,-117.3125,3
33.0598333,-115.4833333,3
45.7605,-119.1455,3
35.169,-118.5668333,3
34.1681667,-117.2893333,3
