-20.088,-177.459,3
10.767,-43.255,1
38.022,142.789,2
7.512,-82.729,1
-37.845,-72.885,1
42.506,143.734,2
-7.351,128.218,2
16.96,-99.741,3
35.656,49.843,5
19.089,145.145,2
16.872,-99.726,3
-23.167,-67.914,1
7.514,-82.297,1
-43.789,-75.84,1
36.458,70.412,5
20.378,-72.197,1
36.929,95.925,2
-12.22,166.574,2
22.027,142.857,2
-3.456,143.997,2
52.083,177.83,3
18.272,-70.428,1
7.917,-82.818,1
-60.122,-34.185,0
45.261,146.901,2
25.48,128.327,2
5.173,-76.352,1
25.193,123.416,2
-21.225,-179.11,3
24.251,121.893,2
-41.261,175.833,2
-3.225,142.572,2
-9.941,-78.933,1
24.155,122.612,2
-28.986,-176.638,3
-29.785,-111.712,1
-27.089,-63.311,1
-50.864,139.395,2
-1.311,137.474,2
26.099,96.999,2
-13.97,172.354,2
8.851,126.586,2
38.258,142.864,2
-3.382,143.883,2
44.671,81.554,5
36.323,68.981,5
-17.34,167.59,2
-32.45,-110.991,1
-23.68,-175.976,3
49.259,155.404,3
33.623,135.317,2
-15.356,-177.611,3
43.247,17.019,5
43.369,17.006,5
-37.732,-73.053,1
-40.532,-73.986,1
37.78,20.132,5
41.175,15.009,5
51.301,-179.663,3
48.497,156.944,3
13.286,93.076,2
-17.206,168.48,2
33.344,95.252,2
-38.24,-73.88,1
-17.104,-171.932,3
42.845,144.952,2
40.723,19.626,5
38.737,141.198,2
-18.233,-175.99,3
-5.536,151.621,2
18.776,-81.27,1
26.334,96.917,2
-3.08,148.603,2
-61.769,155.153,0
-43.271,-75.762,1
-12.887,166.451,2
-43.198,-75.773,1
-8.835,-80.135,1
56.278,-153.473,3
-3.201,140.923,2
42.753,145.152,2
35.191,22.769,5
-0.68,-20.152,0
-16.507,168.108,2
23.82,114.639,2
-26.772,-113.507,1
69.737,138.708,3
-41.796,171.747,2
52.253,-170.967,3
29.532,130.629,2
54.237,169.228,3
26.424,126.228,2
25.405,101.066,2
-56.279,-142.672,0
42.861,145.005,2
32.025,-40.947,1
-26.94,-177.026,3
2.131,-83.476,1
10.478,121.604,2
34.129,139.447,2
51.142,-179.656,3
42.657,145.586,2
-17.469,168.028,2
-17.531,167.964,2
1.818,132.921,2
13.382,93.362,2
-54.502,144.112,2
-43.917,38.706,4
52.112,177.594,3
-15.63,-172.436,3
5.508,126.606,2
8.11,-82.884,1
-10.66,164.943,2
7.924,-83.091,1
9.965,144.592,2
15.391,-93.169,1
-60.277,-33.774,0
43.547,18.35,5
-20.637,-70.686,1
5.587,-82.702,1
16.313,122.221,2
37.762,20.047,5
51.226,178.859,3
11.916,122.177,2
9.811,122.553,2
18.805,120.82,2
-49.894,163.309,2
41.838,-124.048,3
-15.055,-173.255,3
34.204,139.366,2
41.961,-111.497,3
31.637,131.586,2
5.286,-82.623,1
2.048,132.89,2
-10.133,117.823,2
26.079,128.637,2
-15.262,-75.512,1
12.108,143.928,2
39.878,77.425,5
7.945,-74.812,1
-3.696,152.161,2
13.503,93.276,2
-3.571,28.935,4
-0.503,-19.609,0
-0.47,127.503,2
33.32,58.845,5
37.799,142.75,2
-3.057,-12.128,0
-1.455,-15.11,0
36.021,26.86,5
-18.166,-175.931,3
-20.471,-173.913,3
49.559,-130.176,3
22.165,-45.131,1
31.247,142.004,2
-42.939,-75.748,1
-16.05,-173.222,3
40.782,73.286,5
-3.724,140.206,2
-21.207,-174.412,3
51.198,-179.866,3
27.899,54.748,5
49.639,155.999,3
-4.703,-105.601,1
43.716,147.336,2
35.766,141.243,2
39.764,77.285,5
17.254,-99.732,3
6.714,92.51,2
-10.786,165.678,2
19.54,-155.572,3
11.775,57.648,4
-52.143,139.299,2
41.248,15.07,5
38.217,142.71,2
-12.566,166.659,2
-43.612,169.963,2
51.694,-175.755,3
28.057,55.533,5
38.503,22.102,5
-31.642,-177.151,3
1.27,97.3,2
-2.96,-12.167,0
38.072,142.7,2
35.978,26.755,5
34.122,139.377,2
29.977,-42.64,1
-40.111,46.022,4
39.767,75.322,5
36.646,142.104,2
49.45,-28.081,5
53.623,108.658,2
62.222,-152.32,3
34.587,26.78,5
-15.231,-173.284,3
55.922,113.3,2
17.027,40.394,5
-23.72,-175.738,3
37.648,20.074,5
54.506,169.048,3
35.701,50.1,5
32.238,48.768,5
41.158,15.065,5
35.576,49.651,5
32.2583333,-115.7693333,3
34.349,-116.8663333,3
35.7593333,-118.0508333,3
31.0,-114.0,3
37.0651667,-116.0303333,3
37.1393333,-116.0503333,3
37.0416667,-116.0351667,3
34.5556667,-121.4366667,3
37.177,-116.0453333,3
35.027,-120.9553333,3
32.1553333,-115.8415,3
34.3288333,-116.9375,3
37.0091667,-116.201,3
37.2263333,-116.0593333,3
37.0395,-116.0211667,3
37.0551667,-116.0333333,3
34.4741667,-121.8148333,3
37.0445,-116.0235,3
33.8003333,-117.0998333,3
33.3473333,-116.2511667,3
37.1186667,-116.0395,3
37.0458333,-116.0276667,3
37.0431667,-116.0301667,3
37.1176667,-116.044,3
37.6356667,-118.3541667,3
36.4273333,-120.8488333,3
37.0468333,-116.0395,3
37.0413333,-116.0286667,3
37.044,-116.031,3
37.0483333,-116.0318333,3
37.1173333,-116.0473333,3
37.0551667,-116.0293333,3
33.155,-116.0533333,3
37.0439,-116.0211,3
34.4926667,-121.378,3
31.0646667,-115.049,3
37.0471667,-116.0343333,3
37.1221667,-116.0488333,3
37.0456667,-116.0393333,3
37.1228333,-116.029,3
35.97,-120.4701667,3
37.5423333,-118.3045,3
37.1184,-116.0378,3
37.0461667,-116.0238333,3
37.1271667,-116.0526667,3
37.1288333,-116.0483333,3
37.1248333,-116.052,3
37.2221667,-116.1621667,3
34.4718333,-119.6363333,3
31.6643333,-116.2186667,3
34.4961667,-121.4651667,3
33.043,-116.303,3
37.1296667,-116.0565,3
37.0431667,-116.0253333,3
34.3138333,-119.2295,3
37.1243333,-116.0338333,3
37.0465,-116.025,3
34.9628333,-121.1541667,3
37.119,-116.0315,3
31.9903333,-116.4145,3
37.0436667,-116.0388333,3
37.1273333,-116.0371667,3
37.1226667,-116.0471667,3
32.9425,-116.0465,3
36.5485,-120.5866667,3
33.2201667,-116.2441667,3
37.222,-116.1573333,3
33.062,-116.2773333,3
37.1276667,-116.0483333,3
37.1303333,-116.0446667,3
37.1166667,-116.0328333,3
36.4965,-120.4811667,3
37.0446667,-116.035,3
37.1493,-116.0535,3
37.0491667,-116.0295,3
34.3153333,-116.8685,3
32.774,-115.1435,3
35.2218333,-118.4646667,3
31.4698333,-116.7923333,3
32.0316667,-115.2688333,3
33.022,-116.1983333,3
37.3425,-118.2848333,3
37.0418333,-116.0238333,3
31.9438333,-116.5301667,3
37.0456667,-116.0345,3
37.2016667,-116.0736667,3
35.758,-118.0226667,3
35.0611667,-119.0596667,3
32.8856667,-115.5383333,3
33.7843333,-116.716,3
33.8443333,-115.724,3
34.5425,-121.9791667,3
37.0468333,-116.0368333,3
34.9836667,-120.9353333,3
35.7505,-118.048,3
33.3955,-116.4548333,3
35.2018333,-118.1398333,3
33.1096667,-115.67,3
33.037,-116.1713333,3
36.679,-120.312,3
36.3928333,-120.8295,3
34.816,-121.3823333,3
35.244,-118.5548333,3
33.3175,-116.2881667,3
32.461,-116.2336667,3
33.048,-116.2823333,3
33.4913333,-116.879,3
35.1335,-118.643,3
34.333,-119.571,3
34.3115,-116.7535,3
37.9493333,-118.876,3
32.0335,-115.7943333,3
32.9836667,-115.751,3
34.3298333,-116.8691667,3
32.3966667,-115.67,3
32.9756667,-115.7265,3
33.7873333,-116.6975,3
33.1935,-116.2138333,3
34.0485,-116.3525,3
36.8018333,-115.9498333,3
34.3685,-116.8835,3
33.825,-120.3058333,3
35.7095,-118.0595,3
35.0266667,-119.0713333,3
33.0585,-115.827,3
35.9583333,-117.972,3
33.9641667,-118.3583333,3
34.9463333,-118.959,3
33.1303333,-116.5206667,3
37.1227,-116.0508,3
34.332,-116.8538333,3
34.2715,-119.3146667,3
33.0871667,-115.7565,3
35.7868333,-118.0226667,3
33.943,-117.5858333,3
32.9765,-117.7705,3
34.482,-121.2933333,3
37.7293333,-117.4068333,3
34.3196667,-116.8723333,3
33.0535,-116.2328333,3
33.4808333,-116.4233333,3
33.1158333,-116.2048333,3
32.5993333,-117.266,3
33.9496667,-117.9346667,3
34.1863333,-117.4986667,3
33.0415,-116.24,3
33.133,-116.3788333,3
32.9411667,-115.4473333,3
32.973,-116.1481667,3
35.3801667,-118.487,3
32.9845,-116.5226667,3
34.2658333,-116.887,3
32.9588333,-115.4841667,3
34.3178333,-116.8806667,3
35.75,-118.05,3
37.1638333,-116.0733333,3
32.8728333,-116.2498333,3
32.962,-116.1498333,3
34.2991667,-116.891,3
33.8533333,-117.0726667,3
33.8885,-116.4886667,3
32.986,-116.229,3
35.269,-118.5293333,3
35.791,-118.0031667,3
34.4931667,-119.5575,3
35.0588333,-119.1506667,3
37.1271667,-116.0448333,3
35.9526667,-117.6241667,3
34.0486667,-116.4056667,3
32.9468333,-116.082,3
35.4346667,-118.7155,3
36.0633333,-117.7816667,3
34.3111667,-116.9228333,3
34.3341667,-116.9015,3
33.0626667,-116.6741667,3
33.518,-116.9831667,3
35.377,-118.576,3
34.3643333,-116.892,3
33.5085,-116.5015,3
35.3035,-119.6895,3
33.4588333,-116.6955,3
37.1266667,-116.0486667,3
33.932,-116.604,3
36.0601667,-118.1076667,3
35.0651667,-119.0166667,3
36.089,-117.7756667,3
37.678,-118.2008333,3
34.1671667,-118.6916667,3
33.855,-116.442,3
34.3551667,-116.8686667,3
34.5261667,-119.8116667,3
33.9901667,-116.4446667,3
35.007,-115.6488333,3
35.733,-118.052,3
34.4903333,-118.2548333,3
33.9891667,-119.4498333,3
34.324,-118.999,3
34.3985,-120.1766667,3
35.4933333,-118.3971667,3
33.358,-118.428,3
34.344,-119.4386667,3
33.9751667,-117.0283333,3
34.613,-115.7528333,3
34.0133333,-118.7075,3
33.6793333,-118.378,3
32.8353333,-117.0578333,3
34.2838333,-119.562,3
34.3535,-119.5223333,3
34.478,-119.6665,3
34.9116667,-116.7485,3
34.6986667,-117.079,3
35.3551667,-118.6518333,3
34.301,-116.8615,3
34.3028333,-116.8728333,3
33.1413333,-118.5746667,3
34.0413333,-116.6723333,3
33.9335,-116.2196667,3
33.0566667,-116.2243333,3
34.4685,-118.2876667,3
35.3653333,-118.5765,3
33.9208333,-117.7926667,3
35.1618333,-118.8893333,3
35.2066667,-118.5248333,3
34.2586667,-116.901,3
34.3231667,-116.8176667,3
33.6776667,-116.8556667,3
34.595,-118.2576667,3
34.0261667,-119.3921667,3
35.7768333,-118.0165,3
34.3743333,-116.8513333,3
35.7976667,-117.5671667,3
34.2468333,-116.8991667,3
34.3928333,-116.8603333,3
34.3133333,-116.8926667,3
34.4695,-118.2713333,3
35.7961667,-118.0905,3
34.0325,-117.5281667,3
33.8698333,-119.2616667,3
34.0885,-117.4686667,3
34.2523333,-116.8566667,3
34.2585,-116.849,3
37.1223333,-116.333,3
35.4063333,-118.5866667,3
34.356,-116.8721667,3
37.1948333,-116.2083333,3
34.984,-116.937,3
33.937,-117.2503333,3
35.3176667,-118.6655,3
34.0565,-116.983,3
34.1283333,-118.0578333,3
35.8241667,-118.043,3
36.5325,-116.0508333,3
34.1178333,-118.9185,3
34.258,-119.397,3
34.337,-116.83,3
34.2725,-116.9058333,3
35.4185,-118.5826667,3
33.99,-118.7206667,3
35.0675,-118.9448333,3
34.033,-117.0911667,3
34.2165,-119.1338333,3
34.3628333,-116.843,3
33.7885,-118.6168333,3
35.0815,-118.2848333,3
35.831,-118.0683333,3
34.3821667,-116.828,3
34.4691667,-118.3398333,3
33.7798333,-117.906,3
34.3083333,-116.8613333,3
33.8628333,-117.835,3
34.343,-116.8626667,3
34.3671667,-116.8905,3
34.9308333,-118.9963333,3
34.4426667,-118.3086667,3
35.0743333,-118.613,3
34.63,-117.0773333,3
34.288,-116.9638333,3
33.7988333,-118.2176667,3
33.7951667,-118.2385,3
