3.752,124.221,2
55.959,163.269,3
56.724,-135.853,3
13.402,120.275,2
-6.05,152.932,2
-11.481,166.339,2
22.632,122.269,2
33.453,140.929,2
-25.758,179.665,3
-5.154,154.191,2
23.107,121.974,2
-17.76,-175.066,3
-13.248,166.407,2
23.564,121.539,2
-20.122,168.949,2
22.638,122.067,2
-15.963,167.538,2
16.552,122.189,2
-17.021,174.903,3
49.019,153.582,3
-7.432,125.544,2
-6.305,131.116,2
20.981,120.28,2
-13.102,166.214,2
-30.466,-71.699,1
18.827,-106.788,3
44.889,153.314,3
-4.866,144.966,2
-4.718,144.905,2
-28.277,-178.169,3
28.415,52.765,5
0.922,-28.28,1
-4.255,152.618,2
49.149,155.928,3
15.612,-95.036,3
-6.151,154.577,2
-20.113,-178.892,3
-3.557,150.166,2
50.078,-129.51,3
-3.513,144.934,2
-11.772,166.319,2
38.347,20.307,5
-6.833,-71.847,1
-6.855,-76.726,1
56.108,-157.254,3
-49.389,164.032,2
51.128,-178.19,3
-20.359,168.987,2
22.315,121.091,2
-20.037,169.124,2
-6.12,154.597,2
55.474,163.657,3
-20.435,172.94,2
-19.415,169.22,2
-60.759,-25.668,0
43.269,146.008,2
24.171,122.543,2
-31.464,-111.174,1
35.182,23.55,5
-53.742,-134.352,0
-10.973,116.987,2
36.278,69.681,5
2.394,127.543,2
-11.093,162.139,2
1.987,128.22,2
-19.957,169.136,2
-20.248,168.745,2
22.413,121.123,2
-6.112,149.814,2
-19.986,168.97,2
-7.308,146.808,2
-6.323,154.822,2
-5.339,126.556,2
-54.438,5.837,0
40.182,78.92,5
36.374,70.83,5
40.872,141.975,2
13.393,120.036,2
53.337,-166.87,3
0.119,123.445,2
49.486,147.053,3
29.44,130.5,2
-5.577,151.182,2
35.919,73.416,5
-15.429,-175.553,3
-16.695,-171.996,3
38.358,73.176,5
-22.805,-70.371,1
-4.611,151.819,2
-6.751,-71.902,1
-13.144,166.406,2
19.319,122.067,2
-55.247,-29.108,0
5.203,-100.228,1
55.889,163.271,3
-11.2,162.001,2
-11.048,161.945,2
-16.646,-171.974,3
-6.098,152.691,2
-21.341,-174.243,3
-3.296,130.685,2
37.99,22.485,5
19.471,-70.26,1
1.793,127.431,2
-9.624,122.185,2
23.898,121.562,2
49.452,-129.853,3
-21.648,173.42,2
-4.789,151.804,2
-2.184,138.951,2
-55.692,-28.876,0
-51.852,-73.917,0
-15.448,-173.252,3
33.502,141.092,2
-18.995,-173.662,3
48.066,153.087,3
-16.118,-173.029,3
-15.311,-173.463,3
13.603,120.634,2
13.557,120.422,2
-17.788,-178.744,3
-22.277,171.351,2
2.505,128.229,2
31.934,131.882,2
9.379,122.536,2
-3.136,100.89,2
-4.54,152.276,2
-4.617,152.32,2
-11.082,162.181,2
-15.012,167.399,2
35.941,73.387,5
71.467,-10.375,5
15.216,-96.327,3
-30.957,-68.208,1
-22.167,171.479,2
20.689,-29.738,1
-8.234,112.212,2
-19.863,-175.727,3
61.888,147.0,3
-18.296,-174.605,3
-55.829,-26.999,0
40.535,-125.444,3
33.508,141.054,2
-3.795,131.384,2
51.277,-179.233,3
-21.241,-174.279,3
53.987,-166.919,3
-27.825,-178.88,3
54.865,156.385,3
49.366,-127.517,3
36.382,71.433,5
31.356,91.444,2
-5.877,130.525,2
30.681,141.893,2
30.705,141.801,2
56.118,-135.529,3
51.277,-179.255,3
4.952,-82.706,1
-6.938,129.69,2
-21.208,-174.476,3
7.478,123.809,2
52.811,-163.122,3
-33.01,-178.412,3
-10.387,120.478,2
-8.544,124.855,2
-15.204,167.553,2
-20.969,-178.984,3
44.393,147.432,2
-48.93,123.518,2
35.648,69.853,5
-15.361,167.252,2
3.74,127.991,2
27.275,56.441,5
55.602,163.045,3
-6.245,154.889,2
15.978,-98.335,3
51.095,178.905,3
20.893,120.308,2
13.973,-91.128,1
-9.769,160.165,2
12.535,141.896,2
8.484,-83.996,1
0.932,-28.534,1
-17.66,-71.212,1
29.328,-113.68,3
55.888,-158.337,3
-15.428,-172.681,3
33.624,141.427,2
-29.765,-71.438,1
-18.159,173.06,2
-3.866,150.246,2
-0.313,122.28,2
-23.633,-179.991,3
5.196,-78.195,1
-29.764,-177.282,3
1.476,127.57,2
51.858,156.162,3
-35.1,-179.985,2
-51.974,-74.095,0
56.264,-135.604,3
-5.826,152.986,2
35.926,136.762,2
35.921,73.347,5
-6.349,148.423,2
-5.754,130.547,2
-20.393,168.628,2
-5.793,148.155,2
-6.383,131.189,2
-4.867,144.548,2
-5.426,146.669,2
-19.621,169.471,2
27.952,140.217,2
23.953,121.657,2
20.156,121.495,2
25.206,94.708,2
6.125,123.288,2
-0.061,125.012,2
37.636,75.014,5
54.655,161.506,3
-26.19,-177.183,3
20.963,120.063,2
50.462,97.207,2
-24.796,-70.094,1
50.069,148.883,3
39.217,29.517,5
-24.785,-179.529,3
-15.507,-172.723,3
7.092,123.643,2
-22.005,-174.378,3
-30.834,-179.828,3
54.238,-35.118,5
42.104,84.609,2
-5.609,104.103,2
-21.4,-179.243,3
-1.21,138.306,2
42.789,144.678,2
24.537,121.624,2
-32.156,-178.452,3
32.853,-39.776,1
21.085,120.207,2
-22.538,-66.13,1
-21.297,-173.921,3
-5.55,147.074,2
18.747,145.112,2
38.529,142.15,2
-21.932,-175.973,3
-21.488,-176.281,3
25.031,61.278,5
-11.16,162.173,2
1.342,126.939,2
58.231,-153.519,3
1.787,127.302,2
-25.002,136.348,2
-20.188,-175.067,3
-3.52,149.909,2
-20.384,168.841,2
2.215,128.225,2
-16.633,-174.33,3
-4.573,153.101,2
-20.095,-68.708,1
2.647,128.708,2
13.061,-88.601,1
80.465,-2.831,5
52.473,173.431,3
80.259,-2.633,5
-22.178,-179.492,3
-24.371,-174.901,3
49.125,-128.817,3
1.761,127.32,2
55.838,163.664,3
55.804,163.453,3
50.643,-174.989,3
-18.897,-173.206,3
-4.62,151.803,2
-22.821,-68.845,1
-11.347,166.261,2
-6.102,151.856,2
44.635,149.084,3
-21.888,-179.329,3
33.358,141.105,2
-16.028,-172.767,3
8.026,-38.911,1
42.477,-126.542,3
23.736,121.59,2
24.043,122.425,2
-6.544,155.05,2
5.544,124.622,2
33.581,141.217,2
-10.7,113.625,2
23.065,121.382,2
-4.925,153.841,2
-19.55,-176.118,3
-32.76,-71.736,1
-0.039,122.874,2
3.616,96.755,2
-7.278,126.684,2
33.023,46.184,5
42.282,143.224,2
27.643,33.815,5
30.051,50.889,5
5.794,125.865,2
11.856,126.21,2
16.209,-97.063,3
-6.064,153.099,2
-20.809,-178.676,3
-4.119,102.28,2
51.033,-178.183,3
51.072,-177.954,3
-19.052,169.118,2
-21.396,-174.371,3
1.71,126.324,2
-6.365,144.475,2
38.721,140.039,2
51.218,-179.27,3
-2.036,68.091,4
-3.551,149.92,2
-20.521,168.837,2
-10.543,161.363,2
35.926,73.4,5
-9.892,119.634,2
-0.101,122.931,2
48.321,148.862,3
13.73,147.135,2
70.992,-6.533,5
27.393,128.535,2
-28.89,-67.222,1
23.941,121.541,2
12.322,144.407,2
-15.637,-172.922,3
0.539,126.162,2
7.942,126.59,2
55.048,-54.437,3
56.005,162.83,3
-2.543,102.535,2
-11.123,162.917,2
55.846,-158.214,3
51.588,176.679,3
49.92,-176.209,3
-17.855,-178.48,3
-57.842,-26.72,0
-19.394,-174.728,3
-29.785,-69.686,1
-15.988,-73.92,1
13.21,120.297,2
51.341,-178.26,3
-12.419,167.048,2
-17.934,-178.393,3
49.105,156.123,3
-26.312,-177.506,3
36.62,96.562,2
52.348,95.479,5
-3.847,-80.741,1
-19.333,-173.667,3
2.948,96.091,2
-6.21,131.164,2
-33.962,-70.897,1
47.273,154.144,3
35.907,73.372,5
-0.706,121.647,2
-32.993,-178.315,3
63.126,-150.968,3
-14.342,167.249,2
33.141,137.95,2
41.447,142.998,2
-19.57,169.41,2
-19.181,-69.108,1
16.871,145.963,2
37.082,-116.0383333,3
36.2811667,-121.7135,3
36.5535,-121.3788333,3
32.3503333,-115.586,3
37.2145,-116.1833333,3
37.2076667,-116.2086667,3
31.4448333,-115.7508333,3
37.5791667,-118.344,3
34.7898333,-118.892,3
37.0646667,-116.0018333,3
31.8515,-117.4245,3
37.1238333,-116.0896667,3
37.0,-116.0,3
47.5748333,-122.2091667,3
48.4283333,-123.277,3
36.9248333,-120.1008333,3
32.1718333,-115.7428333,3
34.3058333,-116.8828333,3
37.5205,-118.4153333,3
31.7628333,-114.5085,3
31.75,-114.5,3
34.099,-116.3743333,3
37.1218333,-116.0838333,3
37.2231667,-117.5048333,3
30.2586667,-116.8955,3
37.1213333,-116.0856667,3
37.0,-116.0,3
35.7866667,-117.6331667,3
37.1206667,-116.0878333,3
32.9891667,-115.8185,3
36.92,-116.05,3
37.0,-116.0,3
37.1426667,-115.9781667,3
34.0051667,-117.2286667,3
37.2623333,-115.8611667,3
34.8438333,-121.2825,3
31.7971667,-116.7293333,3
34.4228333,-118.424,3
34.2933333,-116.138,3
37.13,-116.1,3
32.3016667,-115.1431667,3
31.8103333,-116.1423333,3
33.877,-116.2725,3
38.4115,-118.3321667,3
34.3908333,-118.4148333,3
31.4996667,-115.4875,3
37.2045,-115.7368333,3
36.811,-116.1415,3
35.9165,-121.381,3
32.2356667,-115.1391667,3
31.8671667,-115.8703333,3
32.0085,-116.182,3
31.8176667,-114.586,3
35.4376667,-118.618,3
36.856,-114.7823333,3
47.0361667,-123.4941667,3
47.3108333,-122.6001667,3
34.4041667,-118.4268333,3
32.25,-115.15,3
32.25,-115.15,3
34.3948333,-118.4121667,3
33.6248333,-116.0835,3
34.3776667,-118.4655,3
32.1486667,-115.5833333,3
32.8581667,-117.7248333,3
34.0093333,-116.7886667,3
35.7863333,-118.3443333,3
35.9845,-121.1888333,3
33.2105,-116.9513333,3
33.2616667,-116.0321667,3
32.178,-115.7958333,3
31.857,-116.1793333,3
34.7848333,-118.873,3
32.952,-116.2553333,3
34.4116667,-118.41,3
32.25,-115.15,3
33.916,-116.3116667,3
34.5658333,-121.1238333,3
32.37,-118.2846667,3
34.319,-117.1038333,3
37.71,-118.7678333,3
33.7481667,-116.2931667,3
36.3936667,-121.223,3
35.2503333,-118.8025,3
33.7691667,-118.3883333,3
36.8591667,-120.0178333,3
47.5293333,-122.8686667,3
47.3315,-122.762,3
32.1908333,-115.4351667,3
47.9593333,-122.1251667,3
35.7871667,-117.6398333,3
31.6298333,-117.2935,3
34.2253333,-117.4863333,3
47.5776667,-122.204,3
33.8896667,-116.3048333,3
34.3733333,-119.8535,3
36.0106667,-117.6431667,3
31.8431667,-116.1166667,3
34.0356667,-116.4728333,3
33.9983333,-116.9268333,3
33.9738333,-117.6296667,3
33.7978333,-116.283,3
33.9896667,-118.378,3
33.1816667,-116.8005,3
35.3631667,-118.5906667,3
33.4521667,-116.8763333,3
32.8546667,-115.9545,3
33.9818333,-117.1886667,3
33.4935,-116.4538333,3
38.4326667,-116.3341667,3
47.7636667,-121.972,3
34.8303333,-120.6941667,3
47.7531667,-122.249,3
32.9078333,-116.1718333,3
34.2026667,-117.4981667,3
33.2285,-116.7875,3
32.9633333,-115.99,3
32.9608333,-116.2763333,3
37.2013333,-117.5505,3
34.4423333,-119.5546667,3
34.0001667,-116.3773333,3
36.8491667,-115.4565,3
34.9803333,-116.6365,3
32.8915,-118.2201667,3
33.8711667,-116.2951667,3
32.3105,-115.547,3
34.1555,-116.6798333,3
34.3173333,-118.4671667,3
37.4566667,-118.0938333,3
37.6988333,-118.578,3
35.858,-117.605,3
37.5293333,-117.9933333,3
33.0036667,-115.5235,3
47.609,-122.7296667,3
33.7073333,-115.7463333,3
48.0633333,-121.399,3
48.4145,-122.4643333,3
34.3503333,-118.4285,3
33.9866667,-117.6505,3
33.2148333,-119.1756667,3
33.8865,-116.3045,3
34.0978333,-118.9655,3
35.8398333,-117.602,3
34.3866667,-118.3695,3
36.1831667,-118.4186667,3
32.935,-117.6558333,3
33.7858333,-115.7238333,3
34.2891667,-116.9608333,3
33.7083333,-116.7201667,3
34.1753333,-119.4738333,3
33.9993333,-117.6313333,3
34.3921667,-118.44,3
33.1123333,-117.9086667,3
37.6305,-118.8971667,3
37.6233333,-118.9438333,3
32.7655,-116.2316667,3
33.482,-116.4016667,3
35.7256667,-118.3271667,3
33.2473333,-116.0715,3
34.2853333,-120.0926667,3
33.7831667,-115.708,3
48.6153333,-122.9645,3
35.5671667,-117.5466667,3
47.5423333,-122.894,3
48.3826667,-122.2303333,3
32.25,-115.1666667,3
47.7256667,-122.8966667,3
45.7231667,-122.6801667,3
37.2921667,-118.8861667,3
35.2963333,-118.5508333,3
32.7923333,-118.3048333,3
35.3701667,-118.605,3
33.8078333,-116.3335,3
34.4288333,-118.48,3
33.7228333,-115.7415,3
34.2253333,-120.9403333,3
35.8023333,-117.6466667,3
33.9925,-117.6275,3
36.655,-117.9573333,3
35.5585,-119.4266667,3
35.2596667,-118.863,3
35.8491667,-117.7995,3
37.521,-118.3775,3
35.6916667,-118.1161667,3
33.9933333,-116.6255,3
33.7701667,-115.6983333,3
35.7533333,-117.5716667,3
35.8366667,-118.023,3
34.4998333,-119.0803333,3
34.3776667,-119.8356667,3
34.411,-118.4726667,3
47.6485,-121.8745,3
33.428,-116.9561667,3
47.8895,-122.0815,3
33.6328333,-115.756,3
47.6268333,-122.4326667,3
46.787,-121.9215,3
33.2833333,-116.2666667,3
34.0571667,-117.4665,3
47.7621667,-122.4606667,3
47.4023333,-121.8276667,3
48.821,-122.1306667,3
47.5695,-122.7358333,3
34.7861667,-118.8866667,3
35.9915,-120.4483333,3
33.4596667,-118.7283333,3
35.646,-118.5765,3
32.2756667,-115.5698333,3
32.9253333,-116.366,3
36.0015,-118.3813333,3
35.989,-118.3423333,3
36.1008333,-120.1545,3
33.4463333,-116.3858333,3
35.0796667,-116.3831667,3
33.6798333,-115.729,3
33.886,-116.2336667,3
33.5986667,-116.6483333,3
31.8481667,-116.198,3
33.8131667,-116.2655,3
33.813,-118.6493333,3
33.6691667,-115.5758333,3
34.9296667,-116.7291667,3
33.7426667,-117.5271667,3
35.5801667,-117.4793333,3
35.1216667,-116.6643333,3
33.6766667,-116.7536667,3
33.2126667,-116.0673333,3
35.4355,-118.5713333,3
35.2921667,-116.904,3
36.083,-117.6535,3
35.0055,-118.838,3
35.9758333,-117.3538333,3
34.083,-116.3871667,3
34.7795,-118.8951667,3
34.767,-118.901,3
33.425,-116.3125,3
47.1428333,-122.6311667,3
34.2033333,-116.6561667,3
47.3641667,-122.3978333,3
48.6298333,-122.4021667,3
48.3335,-122.1145,3
33.9975,-117.6171667,3
33.2666667,-116.8111667,3
47.297,-122.901,3
34.1601667,-117.438,3
35.3586667,-118.4941667,3
34.047,-117.4631667,3
33.9811667,-116.4003333,3
34.2148333,-119.677,3
34.2523333,-117.1545,3
34.3623333,-118.3243333,3
34.3201667,-118.3263333,3
35.8138333,-117.6735,3
35.7721667,-117.6345,3
33.484,-116.5745,3
33.1225,-116.084,3
32.9643333,-115.5128333,3
33.8616667,-116.3235,3
34.022,-116.7621667,3
34.3566667,-119.4903333,3
37.6378333,-118.8271667,3
32.5696667,-118.0303333,3
32.842,-115.3738333,3
35.9176667,-116.1005,3
34.0848333,-116.7823333,3
33.0128333,-117.8905,3
35.8073333,-117.6451667,3
37.031,-115.873,3
34.3075,-116.8756667,3
35.635,-118.4033333,3
33.2611667,-115.6998333,3
47.4955,-122.9076667,3
47.5836667,-122.1976667,3
34.3031667,-116.8848333,3
34.8885,-118.8623333,3
48.7416667,-122.1273333,3
35.95,-117.363,3
47.463,-122.347,3
48.6628333,-122.3776667,3
47.7255,-122.229,3
33.0038333,-115.545,3
35.7908333,-117.6633333,3
47.967,-122.909,3
33.3138333,-115.703,3
34.556,-118.1961667,3
33.3311667,-116.1486667,3
34.1131667,-117.465,3
34.0141667,-117.6246667,3
32.985,-115.8886667,3
36.2298333,-118.266,3
33.8958333,-118.3311667,3
34.7906667,-118.8968333,3
34.4043333,-118.4418333,3
32.9678333,-115.507,3
33.9996667,-116.7831667,3
35.3615,-118.5996667,3
36.823,-119.9896667,3
35.4461667,-118.6113333,3
34.3818333,-118.467,3
34.274,-118.2881667,3
33.9736667,-116.6485,3
34.28,-116.9743333,3
34.9866667,-117.0021667,3
36.0723333,-118.3031667,3
32.1921667,-115.7751667,3
34.275,-118.5275,3
35.0555,-117.6563333,3
34.416,-118.4648333,3
34.0826667,-116.4631667,3
34.3215,-117.1185,3
46.9576667,-121.827,3
47.5803333,-122.2111667,3
33.4415,-116.9211667,3
47.9651667,-123.0073333,3
34.0841667,-118.7788333,3
36.1361667,-117.8153333,3
48.4996667,-122.2856667,3
34.4776667,-118.446,3
33.9866667,-117.2391667,3
33.9871667,-118.3555,3
35.6323333,-118.4398333,3
33.7791667,-115.6505,3
33.3053333,-116.3483333,3
35.764,-117.5825,3
37.3296667,-118.0436667,3
31.8426667,-116.029,3
33.4361667,-117.1158333,3
33.9335,-115.5481667,3
33.305,-115.7123333,3
34.2755,-116.9996667,3
34.3966667,-118.4953333,3
35.6748333,-118.4283333,3
34.0156667,-117.267,3
32.972,-116.4443333,3
33.9693333,-118.3135,3
34.2891667,-116.9743333,3
33.8913333,-115.5283333,3
34.4613333,-118.4458333,3
34.1635,-116.8226667,3
33.2593333,-115.7121667,3
33.8291667,-117.0613333,3
36.0608333,-118.299,3
33.991,-116.6608333,3
33.9396667,-117.2598333,3
34.3475,-118.4655,3
33.9925,-117.1958333,3
34.9018333,-116.8746667,3
37.6488333,-119.0003333,3
33.4855,-116.5843333,3
34.0085,-117.2221667,3
47.6791667,-121.7315,3
47.5756667,-122.221,3
47.9923333,-122.4538333,3
47.5841667,-122.2068333,3
47.5851667,-122.2066667,3
47.6241667,-123.803,3
47.2168333,-122.6156667,3
34.2576667,-116.38,3
45.5751667,-119.989,3
34.4643333,-118.3533333,3
35.0483333,-118.3918333,3
46.3525,-122.3995,3
36.0973333,-117.7806667,3
34.7376667,-118.8783333,3
33.5005,-116.4991667,3
34.4451667,-118.3385,3
34.2623333,-115.8946667,3
34.3328333,-118.2981667,3
34.8111667,-118.8591667,3
34.3511667,-118.43,3
32.8946667,-115.4776667,3
34.044,-117.2596667,3
33.77,-115.7,3
34.346,-117.668,3
33.8296667,-117.051,3
35.0451667,-118.4518333,3
34.3588333,-118.4695,3
37.42,-118.1975,3
33.8895,-116.125,3
34.64,-116.3566667,3
32.3671667,-115.19,3
34.8335,-120.189,3
34.3225,-118.3941667,3
33.9545,-117.1296667,3
34.4026667,-116.5051667,3
34.0291667,-117.2443333,3
34.1036667,-117.323,3
32.9546667,-115.483,3
34.3545,-118.3781667,3
34.3773333,-118.3775,3
34.5361667,-118.2656667,3
34.3698333,-118.336,3
46.8411667,-119.7578333,3
34.3846667,-118.3385,3
47.7586667,-122.3876667,3
47.7573333,-122.3905,3
33.7205,-118.346,3
46.9793333,-121.9688333,3
46.3048333,-122.2358333,3
47.584,-122.2033333,3
47.3035,-121.4906667,3
47.9571667,-122.1323333,3
47.9543333,-122.0016667,3
45.5328333,-120.0161667,3
47.5833333,-122.8256667,3
35.3971667,-118.4923333,3
34.4175,-117.211,3
33.8553333,-117.6978333,3
46.316,-122.5023333,3
46.964,-121.9163333,3
47.5936667,-122.2868333,3
34.3365,-117.1191667,3
34.3783333,-118.3291667,3
47.6136667,-121.7765,3
46.2645,-122.1241667,3
34.4398333,-118.5303333,3
33.9973333,-117.6446667,3
