44.872,149.483,3
-6.843,129.684,2
44.726,150.547,3
-13.866,-69.414,1
-9.127,-71.483,1
-7.523,146.308,2
-10.522,165.642,2
-29.992,-177.675,3
-25.802,-63.21,1
24.411,122.094,2
46.636,154.783,3
-10.466,165.36,2
-0.975,128.07,2
-1.05,128.043,2
-17.628,-178.684,3
44.647,149.225,3
66.218,-19.824,5
23.724,-45.818,1
48.622,154.66,3
46.57,153.544,3
7.367,-35.877,1
-10.648,-78.089,1
-55.61,-28.599,0
-18.984,169.084,2
-30.685,-178.17,3
-26.465,-177.868,3
7.646,-37.414,1
54.016,168.6,3
27.146,126.874,2
-6.163,149.598,2
35.613,96.993,2
29.27,139.329,2
54.578,-161.561,3
-7.403,128.286,2
-29.985,-177.618,3
-2.188,-77.623,1
-30.075,-176.933,3
-7.095,-81.427,1
52.232,-168.351,3
52.168,-168.769,3
-2.543,149.835,2
-27.083,-113.464,1
-29.979,-178.033,3
-6.254,-76.539,1
-29.815,-177.08,3
37.721,141.883,2
39.688,74.211,5
38.722,73.337,5
44.282,149.305,3
52.256,-168.532,3
-22.121,170.189,2
56.575,-157.542,3
-38.437,-73.443,1
-9.883,160.936,2
-46.483,-75.252,0
43.198,41.564,5
30.52,131.148,2
-23.59,-179.976,3
29.479,-113.732,3
24.519,121.951,2
-9.477,120.593,2
35.789,135.81,2
-1.046,128.675,2
59.499,-152.28,3
43.343,8.153,5
-57.655,148.546,0
-30.106,-177.264,3
-9.473,158.403,2
-22.05,-174.797,3
-2.497,138.538,2
-8.976,-71.171,1
-15.316,-173.365,3
-9.169,112.33,2
-20.105,-69.927,1
-44.267,-76.223,1
-30.163,-177.84,3
-19.697,178.441,3
36.296,141.142,2
-56.798,-25.077,0
-58.503,-15.44,0
-55.311,146.421,2
-65.636,-178.545,0
46.427,153.467,3
-4.365,152.832,2
40.698,29.159,5
32.052,131.731,2
-23.621,-179.95,3
-15.113,-173.204,3
44.748,150.76,3
44.404,150.506,3
44.645,149.101,3
44.62,150.406,3
-3.546,-77.705,1
44.29,149.003,3
-22.388,-175.186,3
-9.291,112.296,2
-4.814,144.545,2
-4.585,-81.774,1
24.693,122.158,2
44.184,148.024,2
-6.013,148.976,2
-4.884,103.235,2
-3.452,135.591,2
51.31,178.725,3
55.038,159.87,3
-1.153,127.35,2
-55.438,146.713,2
4.588,126.54,2
43.344,8.278,5
-45.936,-76.572,0
71.259,-73.112,3
-31.415,-178.959,3
45.489,150.592,3
44.681,150.964,3
44.619,150.34,3
29.919,-113.915,3
-16.719,-172.452,3
53.983,168.781,3
-31.447,-177.5,3
-4.295,135.14,2
29.299,130.409,2
-10.069,123.818,2
0.575,126.088,2
-45.001,-75.91,1
8.0,126.864,2
-38.459,-73.465,1
34.438,47.882,5
-55.542,-127.716,0
-9.178,125.071,2
-0.854,128.344,2
57.201,-154.249,3
-29.637,-68.819,1
-54.282,143.938,2
19.896,120.572,2
-15.28,-173.075,3
-15.604,-172.682,3
-8.609,106.373,2
36.299,76.487,2
8.427,-83.174,1
41.998,21.345,5
-5.743,151.074,2
-15.299,-175.739,3
-10.678,-78.055,1
-58.583,-25.27,0
44.783,150.383,3
44.641,150.674,3
-3.076,129.991,2
46.754,154.058,3
44.414,150.105,3
44.42,149.341,3
23.893,65.209,2
-3.532,146.036,2
0.721,-30.128,1
41.023,143.139,2
18.916,120.117,2
-2.437,138.495,2
-3.271,146.957,2
-11.064,163.306,2
-8.202,115.73,2
-15.236,-173.377,3
8.278,-103.388,3
31.381,140.44,2
47.785,130.589,2
7.065,-82.268,1
46.689,153.61,3
24.097,122.473,2
-6.072,148.879,2
24.641,122.113,2
-11.788,-13.595,0
-19.146,176.072,3
-16.994,174.533,3
-20.657,-174.164,3
11.446,42.765,4
45.132,151.264,3
44.606,150.368,3
46.934,153.855,3
44.804,150.355,3
-4.957,102.813,2
12.43,144.558,2
44.75,150.157,3
-41.437,-87.812,1
50.393,-176.736,3
-1.084,-81.167,1
-4.859,153.987,2
-31.287,-13.325,0
-4.683,-81.519,1
37.943,29.218,5
8.925,125.677,2
-56.678,147.587,0
-29.925,-177.367,3
44.739,141.455,2
24.171,122.321,2
25.656,99.646,2
26.593,129.103,2
24.101,122.302,2
55.968,163.247,3
14.405,-93.027,1
4.323,127.895,2
55.114,160.194,3
-15.228,-173.257,3
-15.262,-173.174,3
-6.176,154.51,2
5.205,-72.987,1
-3.078,119.691,2
18.903,121.798,2
-36.25,-99.155,1
28.754,130.125,2
-28.108,-176.392,3
52.333,-171.17,3
-18.848,-12.65,0
-11.605,-77.543,1
-30.385,-177.19,3
10.413,-62.737,1
-61.009,-22.047,0
-11.129,111.97,2
-55.91,-27.634,0
-29.975,-176.988,3
-60.694,153.973,0
54.239,168.164,3
-19.534,-173.744,3
-15.51,-173.183,3
45.185,151.119,3
36.341,130.665,2
36.383,130.538,2
-28.135,-176.745,3
-19.261,176.053,3
42.988,110.853,2
67.303,-18.526,5
-24.465,-175.943,3
-17.405,167.748,2
44.572,148.865,3
44.216,149.236,3
-22.301,-175.233,3
52.234,-170.222,3
37.952,106.192,2
52.553,-168.687,3
39.728,142.156,2
-5.285,151.599,2
41.013,49.732,5
24.179,123.139,2
0.737,96.615,2
46.727,103.54,2
-1.408,128.849,2
-9.171,112.548,2
5.274,125.555,2
41.507,142.153,2
-8.112,115.582,2
34.074,138.715,2
-37.927,77.805,4
50.923,160.001,3
60.473,-141.025,3
24.905,92.167,2
1.12,97.306,2
46.456,153.35,3
46.524,153.311,3
33.991,141.709,2
36.243,141.406,2
46.489,153.204,3
-4.871,152.284,2
-3.282,135.53,2
41.212,142.967,2
35.936,5.297,5
-13.405,166.513,2
-16.632,28.424,4
50.144,-176.96,3
-20.864,-173.961,3
44.631,151.907,3
44.595,150.989,3
44.366,149.927,3
41.242,144.489,2
44.665,150.026,3
52.792,159.775,3
47.376,92.545,2
-16.523,175.272,3
47.656,156.102,3
55.654,166.276,3
32.661,20.996,5
84.88,101.168,5
46.206,153.016,3
-30.038,-71.612,1
51.695,-178.048,3
0.622,96.578,2
-3.225,146.886,2
-64.143,159.716,0
12.395,-86.858,1
-57.668,160.395,0
-30.517,-177.779,3
-15.544,-172.948,3
31.9726667,-116.2516667,3
-4.09,102.171,2
25.0,92.031,2
-29.727,-177.612,3
-0.062,-17.929,0
-30.258,-177.291,3
-29.776,-176.963,3
50.357,-177.082,3
-32.064,-177.856,3
52.295,159.496,3
44.809,80.003,5
-22.361,170.685,2
-19.059,175.961,3
45.64,151.685,3
56.66,-34.511,5
36.39,141.208,2
31.885,78.781,2
27.119,59.487,5
60.429,-140.822,3
-27.552,65.906,4
-9.148,114.329,2
57.048,-33.855,5
28.01,139.894,2
-16.778,28.446,4
-5.5,152.0,2
-15.946,-172.99,3
-5.197,152.148,2
38.136,-26.556,5
37.031,70.085,5
37.0603333,-116.0216667,3
-30.138,-177.798,3
39.019,38.477,5
33.7036667,-116.9381667,3
36.024,18.057,5
31.6846667,-115.387,3
31.5645,-115.8343333,3
35.75,-118.05,3
37.1982,-116.2295,3
35.9615,-114.8613333,3
39.2001667,-118.3803333,3
33.5623333,-118.3285,3
33.0056667,-115.6451667,3
31.6503333,-116.2078333,3
34.9563333,-118.971,3
34.1613333,-116.189,3
33.1451667,-115.425,3
37.111,-116.0391667,3
33.0183333,-115.5765,3
31.65,-116.25,3
34.301,-116.8858333,3
34.3413333,-116.8998333,3
33.1886667,-115.6225,3
33.0028333,-116.207,3
32.9951667,-115.642,3
37.0373,-116.0212,3
37.1193333,-116.0451667,3
37.0445,-116.0265,3
37.7061667,-118.7725,3
37.1313333,-116.068,3
34.1448333,-116.192,3
37.0461667,-116.0211667,3
31.5541667,-115.5903333,3
33.2731667,-115.8465,3
37.0493333,-116.0156667,3
37.0395,-116.0183333,3
37.0416667,-116.0156667,3
37.0461,-116.0156,3
34.939,-119.1365,3
37.1566667,-116.071,3
31.9078333,-116.2431667,3
31.8091667,-116.2015,3
33.4021667,-115.9295,3
37.0373333,-116.0238333,3
37.1488333,-116.0518333,3
37.0516667,-116.0293333,3
37.0417,-116.0184,3
31.9216667,-116.3971667,3
33.2801667,-115.7735,3
33.2301667,-115.7165,3
37.1686667,-116.2061667,3
34.9523333,-118.9735,3
34.165,-116.1376667,3
37.1541667,-116.0766667,3
31.5866667,-116.1365,3
37.1966667,-116.2091667,3
31.5578333,-115.9648333,3
32.0108333,-115.9363333,3
32.9901667,-115.6418333,3
31.627,-116.1333333,3
36.1966667,-120.9123333,3
36.6016667,-121.9273333,3
33.0016667,-115.6311667,3
36.9915,-115.2463333,3
31.4321667,-116.0425,3
35.4478333,-116.8901667,3
33.1953333,-115.6311667,3
33.0585,-116.2701667,3
31.7038333,-116.1361667,3
31.5151667,-116.0178333,3
36.3648333,-120.3733333,3
34.9393333,-118.9675,3
31.6463333,-116.0515,3
36.3356667,-120.984,3
37.0461667,-116.0183333,3
36.351,-120.7108333,3
37.672,-119.01,3
37.0438333,-116.0156667,3
34.3373333,-118.9581667,3
32.0123333,-116.3971667,3
33.2425,-115.7463333,3
34.3166667,-116.8833333,3
31.656,-116.0698333,3
34.9516667,-118.9903333,3
32.184,-116.2245,3
33.4235,-118.261,3
34.1556667,-116.2053333,3
37.125,-116.0353333,3
37.1206667,-116.0363333,3
37.7333333,-118.7901667,3
35.5133333,-119.2683333,3
33.0845,-115.6885,3
33.2026667,-115.7005,3
33.2911667,-115.8345,3
33.7581667,-118.0125,3
33.9366667,-121.4983333,3
31.7131667,-116.085,3
33.4248333,-118.2758333,3
33.173,-115.683,3
34.9876667,-121.594,3
31.8798333,-115.766,3
34.3483333,-116.8845,3
33.5918333,-117.2385,3
37.1323333,-116.0468333,3
31.4651667,-115.8358333,3
33.0936667,-116.4746667,3
36.1171667,-117.6811667,3
33.292,-115.8445,3
33.2668333,-115.8023333,3
38.1265,-118.6298333,3
34.149,-116.1876667,3
34.033,-117.2946667,3
37.1203333,-116.0456667,3
34.3305,-116.8451667,3
37.5958333,-120.1856667,3
37.1281667,-116.0425,3
37.1633333,-116.0806667,3
34.3466667,-116.877,3
35.7953333,-117.9893333,3
33.8091667,-116.9065,3
35.7981667,-118.0298333,3
34.3396667,-116.9348333,3
34.3618333,-116.8986667,3
34.34,-116.8331667,3
32.9905,-115.6196667,3
31.6926667,-116.3933333,3
33.5513333,-118.2685,3
33.0325,-116.1998333,3
33.05,-116.222,3
34.9138333,-118.9971667,3
32.213,-117.06,3
34.3203333,-116.891,3
31.9985,-115.851,3
33.9396667,-118.3431667,3
37.1281667,-116.05,3
34.2535,-117.0995,3
31.8016667,-116.009,3
37.045,-116.0363333,3
34.1576667,-116.067,3
33.5701667,-118.3166667,3
34.1761667,-116.13,3
33.0273333,-115.4516667,3
34.336,-116.887,3
33.4791667,-116.4615,3
37.6108333,-118.7581667,3
37.7035,-118.735,3
33.0018333,-115.5346667,3
32.0573333,-116.0416667,3
33.2096667,-115.6925,3
32.9538333,-116.1343333,3
33.0386667,-115.6401667,3
32.7101667,-115.1041667,3
32.9696667,-115.614,3
34.999,-120.7158333,3
37.1258333,-116.0448333,3
37.7415,-118.7815,3
34.1543333,-116.1826667,3
35.8395,-117.6148333,3
37.722,-118.7868333,3
33.014,-115.5961667,3
33.0101667,-115.6268333,3
33.8586667,-118.5306667,3
36.215,-120.2528333,3
35.7988333,-118.0203333,3
32.1236667,-115.9635,3
34.3128333,-116.8801667,3
32.0485,-115.741,3
36.2178333,-120.2868333,3
33.236,-115.7136667,3
34.2988333,-116.9033333,3
33.915,-118.359,3
33.0106667,-115.6111667,3
34.211,-117.1418333,3
33.4496667,-116.647,3
34.8235,-120.5586667,3
35.7938333,-118.0266667,3
35.3911667,-118.6655,3
33.0471667,-116.2305,3
35.0663333,-118.7546667,3
37.1981667,-116.2295,3
34.4048333,-117.0478333,3
33.9896667,-118.7115,3
33.8693333,-117.0285,3
33.3025,-115.8908333,3
33.5016667,-116.5123333,3
32.4341667,-115.024,3
36.9968333,-115.2116667,3
37.2276667,-118.2328333,3
33.0365,-116.2393333,3
33.1666667,-115.5498333,3
34.4385,-118.5726667,3
33.4623333,-116.0938333,3
33.5813333,-117.2141667,3
34.1693333,-116.1921667,3
35.0455,-118.4281667,3
35.3773333,-118.7855,3
36.0328333,-115.1076667,3
34.188,-116.1868333,3
35.9895,-120.2563333,3
35.4391667,-119.3063333,3
34.3161667,-116.8931667,3
34.3108333,-119.1465,3
35.4175,-117.8211667,3
33.9683333,-116.9108333,3
33.2738333,-115.7915,3
33.3855,-116.3073333,3
34.3321667,-116.8901667,3
33.0405,-115.9841667,3
33.9756667,-116.6606667,3
33.1733333,-116.0108333,3
34.059,-117.3236667,3
34.5116667,-118.4955,3
34.1688333,-116.1631667,3
36.9621667,-115.1648333,3
33.1646667,-115.6228333,3
35.7076667,-117.8208333,3
34.1453333,-116.1858333,3
34.1333333,-116.1605,3
35.9798333,-114.8801667,3
34.1788333,-116.1595,3
35.3426667,-118.555,3
36.1781667,-117.6713333,3
36.1568333,-115.1336667,3
34.0556667,-118.077,3
34.2751667,-116.3708333,3
35.7758333,-118.0486667,3
34.9498333,-118.9515,3
35.9123333,-114.9833333,3
32.6926667,-117.494,3
34.3048333,-116.8955,3
35.8081667,-118.024,3
32.9468333,-116.3933333,3
33.01,-115.5776667,3
35.426,-119.2335,3
34.3103333,-116.897,3
33.2068333,-116.1901667,3
34.4793333,-116.3446667,3
33.8351667,-117.9116667,3
34.1243333,-116.15,3
34.1366667,-116.1258333,3
33.9433333,-116.7928333,3
35.3643333,-118.5703333,3
33.1545,-116.3763333,3
34.1486667,-116.2108333,3
33.0158333,-116.2116667,3
35.3228333,-118.6518333,3
33.753,-118.3125,3
34.2195,-116.1748333,3
34.1695,-116.1268333,3
34.095,-116.1626667,3
34.287,-117.0878333,3
34.3305,-116.867,3
33.0571667,-116.1101667,3
34.318,-119.3993333,3
34.1563333,-116.1991667,3
35.1098333,-118.553,3
35.472,-119.3015,3
33.9008333,-118.1076667,3
32.9301667,-115.634,3
33.5115,-116.5905,3
33.9933333,-117.8893333,3
34.9658333,-118.955,3
37.4916667,-118.2495,3
33.121,-115.6096667,3
34.005,-117.7656667,3
34.2975,-116.8446667,3
34.3395,-116.9251667,3
33.5766667,-117.0018333,3
33.9101667,-116.483,3
34.5961667,-117.1375,3
34.4023333,-118.6718333,3
36.0661667,-117.9571667,3
33.9381667,-117.2436667,3
34.033,-117.6071667,3
33.8001667,-117.728,3
33.575,-118.333,3
34.2546667,-119.4176667,3
34.7681667,-118.9225,3
35.4081667,-118.6348333,3
35.9901667,-117.929,3
33.915,-118.38,3
34.1425,-116.1635,3
33.9258333,-117.8365,3
34.023,-117.9185,3
35.0458333,-117.709,3
33.9036667,-118.473,3
34.3436667,-116.8651667,3
36.1433333,-118.0751667,3
36.219,-117.8923333,3
35.4226667,-118.7405,3
34.2708333,-117.0711667,3
35.4693333,-118.438,3
33.8286667,-117.967,3
34.9418333,-116.5705,3
34.3326667,-116.9241667,3
32.7295,-117.7208333,3
34.9153333,-116.5138333,3
34.183,-117.6868333,3
34.3431667,-116.9221667,3
33.5791667,-117.2028333,3
35.1201667,-118.9566667,3
33.5636667,-118.3716667,3
34.3341667,-116.8985,3
34.6251667,-117.113,3
33.9266667,-116.664,3
34.1668333,-117.0885,3
34.9516667,-119.4075,3
34.1523333,-116.1898333,3
34.3033333,-116.9071667,3
34.304,-116.8695,3
33.4616667,-116.518,3
33.3488333,-117.972,3
33.5795,-118.3511667,3
34.2355,-117.1328333,3
34.1435,-116.1763333,3
33.9905,-118.6095,3
34.2918333,-116.8428333,3
33.6755,-117.9398333,3
35.3316667,-118.5965,3
34.3188333,-116.8813333,3
34.329,-116.9128333,3
33.6893333,-117.4963333,3
33.8643333,-118.1685,3
34.1941667,-118.5516667,3
33.6791667,-118.4255,3
34.3145,-116.8841667,3
35.0973333,-118.8971667,3
34.3168333,-116.8805,3
35.276,-118.5593333,3
34.2913333,-116.8655,3
33.8691667,-118.3586667,3
34.2583333,-116.5306667,3
34.0251667,-118.3186667,3
34.8671667,-119.819,3
34.2421667,-116.5275,3
34.6095,-117.111,3
34.1283333,-117.6213333,3
34.292,-116.3806667,3
33.9966667,-118.4156667,3
33.67,-117.9546667,3
34.1241667,-118.9315,3
34.366,-117.6098333,3
33.9358333,-118.4146667,3
33.2343333,-118.3275,3
34.302,-119.5356667,3
33.2391667,-116.4275,3
36.0393333,-117.8233333,3
