60.908,-147.339,3
-56.323,-27.655,0
-24.749,-176.844,3
38.399,139.29,2
-15.534,167.666,2
-48.969,164.285,2
0.542,122.139,2
18.136,-100.605,3
43.222,146.159,2
8.855,93.101,2
-4.813,108.045,2
5.57,95.374,2
40.328,138.969,2
-5.557,154.249,2
-20.744,169.957,2
55.703,-155.853,3
-5.581,129.768,2
-7.22,123.832,2
-6.405,127.948,2
56.325,-154.444,3
-5.1,144.329,2
47.112,153.851,3
40.203,28.206,5
28.065,93.798,2
-5.773,150.701,2
-6.029,150.703,2
-56.529,-26.064,0
56.489,-152.79,3
43.527,147.063,2
-26.43,-71.539,1
78.035,126.557,5
36.48,70.947,5
36.221,-7.59,5
56.35,-154.081,3
-0.614,122.552,2
-4.459,144.01,2
-6.399,105.431,2
23.097,120.683,2
-16.402,-71.744,1
58.205,-151.289,3
56.388,-152.115,3
56.259,-154.214,3
59.684,-148.979,3
56.456,-154.428,3
-4.083,35.243,4
40.446,139.039,2
38.67,139.195,2
44.616,149.553,3
26.142,-110.307,3
-23.277,-175.429,3
-27.802,-71.044,1
-5.959,149.302,2
44.411,149.508,3
45.569,151.017,3
52.49,153.566,3
58.784,-149.391,3
60.206,-146.767,3
59.758,-145.854,3
56.311,-153.013,3
-5.347,133.967,2
45.275,150.597,3
-32.744,-178.134,3
47.08,153.701,3
14.117,96.074,2
-32.241,-179.684,3
-41.121,-74.871,1
44.362,149.559,3
19.629,-56.135,1
-22.691,-69.962,1
-52.246,28.405,0
-13.571,165.927,2
-3.648,146.481,2
-5.186,151.769,2
60.201,-146.842,3
56.305,-153.446,3
56.446,-152.349,3
-59.95,150.434,0
56.431,-152.489,3
26.128,-110.276,3
47.026,153.775,3
44.636,149.886,3
44.375,149.794,3
13.023,124.683,2
-35.815,-102.868,1
45.423,151.828,3
50.887,157.229,3
29.039,141.37,2
22.307,93.594,2
59.605,-146.323,3
56.177,-154.342,3
-0.862,-80.226,1
36.164,141.361,2
5.223,96.742,2
38.406,139.387,2
-1.721,149.875,2
38.092,23.64,5
-51.325,139.308,2
-6.023,149.576,2
-5.88,154.163,2
-36.243,-100.825,1
-0.639,121.632,2
-31.237,-110.93,1
24.934,121.934,2
6.716,94.633,2
41.8,143.0,2
44.473,147.179,2
-15.595,-172.094,3
57.031,-152.616,3
59.989,-148.444,3
50.769,-130.584,3
56.401,-152.852,3
45.738,150.792,3
56.48,-154.343,3
56.348,-152.946,3
-60.526,-57.375,0
-6.016,104.771,2
59.409,-143.023,3
35.308,-36.035,5
-25.845,-177.84,3
-3.952,131.478,2
-10.373,162.302,2
2.956,65.855,4
-45.493,96.214,4
0.236,99.954,2
-49.04,164.26,2
-6.056,148.145,2
36.382,141.116,2
-15.432,-174.681,3
21.546,94.347,2
34.904,141.996,2
11.514,142.056,2
59.659,-146.898,3
56.539,-152.192,3
45.21,151.069,3
3.872,96.514,2
59.92,-146.813,3
56.116,-153.656,3
45.217,18.049,5
-11.15,162.264,2
-9.002,88.778,2
-55.952,-27.455,0
-56.156,-27.488,0
5.031,127.34,2
-2.142,140.911,2
11.777,144.611,2
38.616,139.304,2
46.629,151.132,3
14.88,-94.345,1
53.734,-163.84,3
-20.434,-174.312,3
2.994,126.532,2
-4.114,-76.8,1
44.395,149.127,3
-20.449,-173.883,3
44.454,150.043,3
-4.361,122.157,2
37.875,138.485,2
46.25,153.146,3
-15.364,-173.21,3
16.172,119.768,2
-60.371,-51.012,0
45.45,150.672,3
-5.252,150.78,2
-6.022,154.547,2
1.908,127.372,2
18.334,-103.438,3
59.8,-149.179,3
61.662,-147.657,3
56.809,-152.718,3
36.952,142.881,2
-41.767,-83.967,1
56.596,-152.19,3
-2.755,139.242,2
1.623,127.145,2
-26.708,-114.298,1
4.008,-32.525,1
22.522,121.164,2
10.598,92.834,2
60.003,-147.093,3
-49.777,-115.991,1
29.829,80.474,2
51.885,142.988,3
3.131,128.096,2
41.844,82.603,2
-5.024,153.597,2
-32.839,-179.08,3
-8.123,157.109,2
53.299,-166.388,3
-21.506,169.791,2
39.794,142.942,2
44.483,149.954,3
-8.448,112.632,2
60.106,-148.798,3
58.746,-149.528,3
57.277,-151.602,3
58.042,-151.058,3
0.061,123.274,2
55.622,-152.022,3
59.462,-142.834,3
-6.575,155.054,2
45.535,151.335,3
56.125,-153.814,3
61.502,-147.302,3
56.527,-154.156,3
-22.679,-173.943,3
34.355,141.032,2
38.205,38.622,5
-16.013,-172.53,3
45.582,148.499,3
46.448,144.73,2
37.021,71.267,5
0.031,123.74,2
47.009,153.818,3
26.982,92.229,2
18.585,119.592,2
43.897,148.013,2
-6.845,107.244,2
-7.964,-71.297,1
46.281,153.2,3
51.315,-179.337,3
36.898,21.001,5
52.229,175.361,3
14.322,56.283,4
-27.744,-176.999,3
59.863,-147.908,3
60.304,-146.518,3
57.501,-151.434,3
59.871,-148.69,3
-6.63,155.209,2
58.931,-149.445,3
5.634,125.696,2
59.552,-144.836,3
57.317,-153.989,3
60.291,-146.239,3
60.744,-143.705,3
52.049,-169.718,3
53.509,-159.777,3
-6.206,104.86,2
38.725,139.184,2
38.806,139.507,2
58.174,-150.6,3
3.219,128.293,2
11.611,121.945,2
13.102,145.037,2
10.997,-86.228,1
56.244,-150.052,3
28.126,52.531,5
28.071,52.533,5
-0.11,124.624,2
44.496,-31.402,5
39.841,-29.749,5
0.637,119.263,2
2.011,126.678,2
45.218,150.508,3
56.751,161.269,3
33.458,132.012,2
0.983,118.932,2
-31.266,-67.705,1
46.323,152.993,3
46.093,152.91,3
27.193,127.336,2
-0.058,-17.863,0
1.728,126.905,2
15.85,-60.587,1
57.449,-151.69,3
57.29,-151.305,3
60.141,-146.939,3
60.343,-146.027,3
58.218,-150.739,3
59.988,-153.718,3
57.479,-151.535,3
57.919,-152.67,3
57.26,-151.894,3
-21.286,-174.446,3
45.182,150.5,3
-56.214,-27.728,0
60.001,-146.624,3
26.0,95.689,2
-9.727,-76.232,1
-55.931,-27.851,0
62.757,-152.059,3
-6.908,129.711,2
59.609,-146.304,3
24.798,95.182,2
59.603,-149.504,3
12.682,-87.914,1
48.709,153.834,3
-19.876,-175.753,3
29.075,142.369,2
50.163,176.57,3
-1.38,-24.048,0
60.455,-146.074,3
45.053,151.475,3
26.684,54.002,5
61.511,-147.491,3
50.791,157.112,3
58.361,-150.547,3
22.787,-45.046,1
-16.199,-171.701,3
37.1423333,-116.0491667,3
37.1496667,-116.0553333,3
37.1508333,-116.0401667,3
37.5588333,-118.2575,3
34.373,-116.4826667,3
31.0,-114.0,3
35.4656667,-118.6413333,3
37.0778333,-116.0065,3
37.1513333,-116.077,3
36.1348333,-114.657,3
32.4565,-114.7631667,3
32.8348333,-115.9138333,3
36.9496667,-116.1093333,3
33.055,-115.8755,3
37.0653333,-116.0153333,3
35.481,-118.6868333,3
32.9665,-115.6421667,3
37.1821667,-116.0453333,3
35.4421667,-118.3493333,3
31.8323333,-116.1735,3
37.1743333,-116.067,3
37.0396667,-116.0293333,3
31.598,-115.6858333,3
37.131,-116.0438333,3
37.0395,-116.0266667,3
31.9533333,-116.326,3
34.4996667,-121.5838333,3
37.1071667,-116.0323333,3
33.0201667,-115.8391667,3
37.6043333,-118.5236667,3
37.1263333,-116.0363333,3
33.5506667,-116.68,3
37.0176667,-116.0226667,3
37.7418333,-117.9471667,3
37.6565,-118.3906667,3
37.1111667,-116.0288333,3
37.1743333,-116.0563333,3
37.6573333,-118.4093333,3
35.4286667,-118.6498333,3
33.8561667,-116.5856667,3
37.067,-116.0223333,3
37.1775,-115.9031667,3
37.1288333,-116.0298333,3
37.1173333,-116.0388333,3
31.1646667,-116.017,3
31.1208333,-116.2751667,3
35.9473333,-120.0833333,3
37.7666667,-118.3133333,3
37.5035,-118.2436667,3
37.0396667,-116.0156667,3
34.3635,-116.5091667,3
33.4561667,-116.6106667,3
32.6376667,-117.1348333,3
32.7133333,-117.0808333,3
37.159,-116.0831667,3
37.1381667,-115.7525,3
35.4626667,-118.6498333,3
34.2725,-118.4408333,3
36.1123333,-120.9643333,3
35.4548333,-118.343,3
37.5456667,-118.1975,3
37.1486667,-116.076,3
37.0416667,-116.0121667,3
32.6511667,-117.1323333,3
33.2106667,-116.0478333,3
33.0206667,-115.8186667,3
36.4853333,-117.8758333,3
37.0505,-116.0115,3
34.2081667,-116.7573333,3
37.5518333,-118.2085,3
34.251,-118.5811667,3
37.6095,-118.467,3
32.2948333,-117.8231667,3
31.812,-116.3455,3
37.5461667,-118.2496667,3
37.035,-116.1338333,3
37.251,-115.7355,3
37.4283333,-118.003,3
31.8846667,-116.2113333,3
33.7883333,-118.7825,3
37.1141667,-115.8941667,3
33.263,-115.67,3
36.771,-118.1448333,3
35.501,-118.8241667,3
31.8178333,-116.3868333,3
34.4825,-116.3346667,3
35.467,-118.7035,3
32.8926667,-115.5135,3
34.1763333,-116.1935,3
35.4583333,-118.6558333,3
37.0438333,-116.0183333,3
37.5558333,-118.3585,3
35.1261667,-118.5363333,3
32.9916667,-116.061,3
37.449,-118.5645,3
37.1195,-116.1118333,3
36.92,-114.6593333,3
31.98,-116.314,3
32.912,-115.5196667,3
32.9635,-115.5925,3
33.1663333,-115.7663333,3
33.4468333,-116.6525,3
33.2938333,-115.426,3
32.9883333,-115.817,3
37.6258333,-118.3578333,3
37.5663333,-118.2675,3
37.6603333,-118.5741667,3
37.6056667,-118.4043333,3
37.5253333,-118.0033333,3
34.0465,-116.8555,3
33.1916667,-115.6798333,3
34.1728333,-117.7076667,3
33.1518333,-116.2075,3
33.7811667,-118.1745,3
35.7236667,-116.6198333,3
32.1183333,-116.0465,3
31.9686667,-116.2106667,3
32.8661667,-115.4545,3
34.1548333,-116.1778333,3
37.5026667,-118.1318333,3
32.529,-117.3096667,3
32.887,-115.5333333,3
35.4636667,-118.6615,3
32.984,-115.6351667,3
35.0516667,-118.9533333,3
34.3508333,-116.5596667,3
37.5231667,-118.5045,3
34.0365,-116.7791667,3
32.9975,-116.741,3
32.9071667,-115.8898333,3
34.646,-120.461,3
32.7213333,-118.2738333,3
32.741,-118.555,3
34.384,-116.5435,3
34.9401667,-118.9226667,3
36.0548333,-117.618,3
34.6211667,-117.1045,3
32.9281667,-115.5358333,3
32.8548333,-116.0166667,3
33.4006667,-116.2265,3
33.4871667,-116.5003333,3
36.6805,-116.3588333,3
35.0478333,-119.0801667,3
34.5503333,-116.8455,3
34.394,-116.5508333,3
33.0266667,-116.1716667,3
37.4961667,-118.3773333,3
33.2025,-115.6423333,3
36.4061667,-120.144,3
32.9218333,-115.5221667,3
35.2646667,-118.6138333,3
37.5373333,-118.4535,3
34.0558333,-117.566,3
33.047,-116.371,3
35.051,-118.9603333,3
34.0485,-117.4766667,3
34.0863333,-117.2595,3
35.7361667,-118.0816667,3
34.0115,-118.4443333,3
33.9313333,-118.4351667,3
34.9451667,-116.5148333,3
34.876,-118.9388333,3
35.407,-118.6315,3
35.4758333,-118.3553333,3
34.197,-116.7795,3
35.4755,-118.6873333,3
33.4386667,-116.6378333,3
33.9653333,-116.6191667,3
34.0046667,-116.7993333,3
35.4758333,-118.6673333,3
35.4443333,-118.4385,3
33.2483333,-116.4541667,3
37.0,-116.0,3
35.3783333,-118.5855,3
34.5023333,-116.2636667,3
33.929,-116.7411667,3
34.931,-116.775,3
35.0415,-118.9675,3
34.3901667,-116.5323333,3
33.5946667,-118.2596667,3
34.4043333,-116.1398333,3
32.7536667,-117.1028333,3
33.5756667,-118.213,3
35.6265,-117.2893333,3
32.8435,-118.4533333,3
33.8055,-117.9875,3
34.367,-118.4443333,3
32.896,-115.5743333,3
34.2081667,-116.2188333,3
37.4443333,-118.267,3
34.2511667,-116.2703333,3
35.3136667,-118.6556667,3
33.9538333,-118.4768333,3
35.6445,-118.3998333,3
37.5203333,-118.1805,3
33.6935,-116.7385,3
35.56,-118.4635,3
35.1235,-119.1275,3
37.0893333,-118.771,3
35.4278333,-118.6976667,3
34.1951667,-117.5763333,3
34.0005,-117.2243333,3
33.933,-118.4216667,3
34.4335,-118.5305,3
34.2658333,-116.7695,3
37.5736667,-118.2266667,3
35.479,-118.3626667,3
35.3461667,-118.5858333,3
34.2955,-116.8805,3
33.6171667,-118.3225,3
37.5428333,-118.2745,3
33.2195,-119.3368333,3
35.0135,-117.6698333,3
34.7066667,-119.221,3
35.4755,-118.3426667,3
35.4563333,-118.6246667,3
35.034,-118.6088333,3
35.4801667,-118.6553333,3
33.5591667,-118.0421667,3
34.2155,-116.7228333,3
35.3956667,-117.8358333,3
33.9918333,-118.9078333,3
32.8008333,-117.0796667,3
33.4373333,-119.0066667,3
35.0675,-118.4158333,3
34.1596667,-118.9443333,3
35.054,-117.733,3
36.3271667,-118.147,3
34.0416667,-116.7438333,3
34.2361667,-117.0983333,3
33.3203333,-118.3461667,3
34.2395,-117.5565,3
33.2278333,-118.9481667,3
35.2591667,-118.4661667,3
34.6361667,-116.871,3
33.7031667,-118.0048333,3
34.6453333,-117.0698333,3
33.5263333,-118.2315,3
35.0553333,-117.7015,3
34.0011667,-117.9716667,3
35.2298333,-118.6121667,3
35.0966667,-118.3263333,3
35.0456667,-118.4368333,3
33.967,-118.3956667,3
35.6221667,-118.4116667,3
33.6218333,-117.9948333,3
34.4611667,-117.5353333,3
34.6063333,-117.0635,3
34.2035,-117.5285,3
33.8146667,-117.9876667,3
