44.479,148.485,2
45.189,99.368,2
-12.418,166.684,2
58.23,-136.712,3
1.011,-79.489,1
-13.428,-69.388,1
24.945,124.327,2
65.915,-156.343,3
-16.625,-72.242,1
44.215,148.754,2
1.541,-79.338,1
45.273,98.577,2
-15.344,168.547,2
1.153,-79.543,1
38.305,143.317,2
0.801,-79.428,1
-3.32,144.83,2
53.538,159.935,3
-33.832,-69.958,1
53.533,161.922,3
34.29,47.867,5
-6.58,154.919,2
51.353,179.357,3
34.388,47.748,5
-0.562,129.78,2
0.422,126.145,2
56.616,121.074,2
-57.069,147.743,0
56.298,163.171,3
52.902,160.659,3
7.673,-84.645,1
8.027,-39.3,1
-51.822,139.812,2
-7.151,155.646,2
1.55,-79.305,1
1.446,-79.146,1
50.19,-175.472,3
20.923,120.184,2
38.58,143.175,2
26.571,-110.925,3
7.992,-84.328,1
-11.43,-74.733,1
-13.149,166.78,2
52.629,-167.237,3
52.658,-166.983,3
-4.741,-106.111,1
31.445,142.59,2
51.434,-175.363,3
-3.488,145.997,2
-14.199,166.469,2
37.473,20.716,5
-33.483,-177.854,3
-5.407,152.099,2
30.472,84.553,2
-3.338,150.293,2
-45.062,166.148,2
-13.502,166.641,2
45.141,99.713,2
-33.492,-179.236,3
22.706,121.884,2
50.265,-172.867,3
-5.482,152.061,2
38.327,143.393,2
-4.448,-106.044,1
-15.156,-175.131,3
-13.262,166.807,2
-3.356,146.48,2
-3.235,-77.877,1
-15.546,168.384,2
49.818,155.878,3
31.071,141.733,2
-17.877,65.243,4
44.009,148.02,2
-16.648,-172.942,3
-0.068,-17.816,0
-6.352,155.069,2
-55.557,-28.199,0
-17.603,167.995,2
51.755,159.66,3
45.052,101.446,2
49.702,-127.122,3
10.336,-62.54,1
-17.812,-64.545,1
-29.058,-13.215,0
-15.065,-173.774,3
48.166,154.442,3
38.48,142.197,2
20.643,120.317,2
35.309,67.46,5
0.907,-79.581,1
-5.515,151.897,2
-3.304,147.26,2
52.372,-168.715,3
5.316,-82.406,1
48.739,102.93,2
-29.348,-112.642,1
51.413,-178.496,3
-39.505,45.911,4
51.423,-176.009,3
40.643,143.138,2
59.466,-143.174,3
44.367,149.324,3
44.238,148.217,2
44.081,148.766,2
51.872,159.52,3
32.299,142.36,2
52.0,-169.633,3
35.235,-35.981,5
23.601,121.637,2
31.464,104.014,2
12.578,120.87,2
-8.92,107.35,2
51.652,-175.165,3
43.876,147.393,2
-30.478,-178.479,3
-7.817,107.482,2
55.419,166.449,3
23.515,93.842,2
24.853,125.996,2
45.313,151.749,3
0.883,-94.627,1
24.627,142.456,2
51.642,-177.106,3
5.853,124.888,2
-42.899,42.353,4
-21.214,-69.574,1
-0.902,149.372,2
-3.97,-104.695,1
27.483,-111.666,3
7.334,126.719,2
0.463,-29.932,1
-9.086,112.393,2
-3.279,145.85,2
-3.296,145.686,2
27.812,141.054,2
-50.193,-114.993,1
-10.63,112.56,2
-30.75,-71.902,1
44.735,85.09,5
-13.659,166.648,2
66.017,-155.653,3
38.426,143.079,2
65.732,-155.517,3
26.142,-110.698,3
16.333,-99.402,3
65.05,-151.931,3
64.901,-151.914,3
-49.737,125.765,2
-15.031,-177.078,3
-16.366,-172.399,3
31.02,141.957,2
-55.906,-123.868,0
51.256,-176.696,3
51.219,-176.479,3
44.525,148.637,2
-49.686,-9.012,0
0.368,126.06,2
-24.701,-175.577,3
-14.344,166.802,2
63.147,-144.506,3
14.561,-93.107,1
52.952,159.408,3
-18.468,-172.713,3
-14.843,167.846,2
44.148,149.257,3
43.756,148.643,2
44.306,148.71,2
-15.872,-171.654,3
46.881,154.2,3
44.722,104.413,2
-22.123,64.62,4
25.648,96.802,2
38.842,70.302,5
-22.227,-174.783,3
47.146,154.571,3
46.519,153.523,3
50.881,179.719,3
23.216,121.867,2
16.091,-99.384,3
12.658,123.092,2
18.431,120.134,2
41.27,19.631,5
56.199,-139.002,3
52.641,161.143,3
-6.371,131.391,2
52.379,-169.359,3
-9.681,27.646,4
-13.423,166.666,2
51.014,-177.307,3
51.063,-176.952,3
-52.835,140.163,2
53.176,-166.914,3
-9.468,149.706,2
40.476,78.567,5
13.021,-88.422,1
-16.78,-172.331,3
51.228,-176.662,3
40.958,143.832,2
-3.628,151.775,2
34.225,47.827,5
51.181,-176.163,3
-36.149,-179.447,2
23.997,122.49,2
-24.271,-175.724,3
-14.019,166.838,2
45.915,151.849,3
-7.357,68.006,4
15.424,-45.823,1
-36.149,-99.703,1
53.456,160.269,3
-34.343,-178.188,3
-17.634,167.843,2
27.929,141.167,2
44.035,149.068,3
43.967,148.094,2
-9.126,-109.924,1
-36.079,-102.705,1
12.165,-86.592,1
44.784,149.628,3
-57.732,-65.934,0
30.712,142.067,2
18.476,120.296,2
16.82,-99.582,3
56.636,121.191,2
11.853,92.777,2
-13.7,166.672,2
56.432,116.13,2
53.441,170.118,3
-54.547,-133.044,0
32.285,55.563,5
-20.606,-173.746,3
20.738,120.388,2
20.755,120.445,2
49.622,155.918,3
26.939,-44.381,1
55.411,166.458,3
1.406,-79.547,1
-5.36,151.932,2
52.071,99.777,2
45.195,98.682,2
-21.935,170.095,2
36.512,27.697,5
31.39,129.768,2
7.242,-34.206,1
-30.422,-177.489,3
7.594,-84.39,1
-5.332,151.802,2
13.599,-91.999,1
40.67,23.377,5
-21.286,-175.07,3
3.667,-26.669,1
36.173,66.671,5
50.573,-177.832,3
34.429,48.043,5
-14.199,166.853,2
-14.014,166.696,2
-14.092,166.808,2
-24.003,-175.579,3
53.811,171.412,3
41.62,74.981,5
51.707,-175.127,3
-19.894,169.002,2
-10.401,162.068,2
43.264,100.258,2
31.525,-41.229,1
31.248,-41.145,1
39.476,25.473,5
39.079,74.751,5
20.565,120.388,2
2.75,67.069,4
33.04,68.239,5
52.569,161.132,3
-6.358,154.842,2
24.131,121.655,2
43.071,47.793,5
7.949,-84.424,1
69.006,-16.722,5
23.975,126.016,2
-21.5,-174.52,3
52.254,-169.572,3
-28.373,62.595,4
-2.961,100.265,2
-33.902,-70.125,1
37.281,20.497,5
38.264,141.934,2
36.299,141.604,2
22.66,144.917,2
44.098,149.329,3
11.3,92.24,2
43.921,148.516,2
43.769,148.265,2
44.799,150.577,3
58.52,-32.159,5
36.257,22.321,5
44.88,150.587,3
31.393,-40.967,1
30.622,84.133,2
65.064,6.952,5
40.679,143.852,2
27.676,54.958,5
40.866,21.112,5
34.902,27.524,5
46.367,152.713,3
37.009,141.387,2
38.371,103.968,2
37.14,-14.193,5
36.185,21.74,5
35.644,44.668,5
34.751,71.094,5
51.186,-179.26,3
11.858,43.891,4
68.901,-16.96,5
45.919,148.498,3
34.439,59.547,5
55.97,163.007,3
25.22,96.194,2
30.44,84.54,2
43.934,148.791,2
44.294,149.021,3
53.262,161.87,3
28.989,52.033,5
45.668,-28.25,5
69.039,-16.776,5
30.928,141.623,2
49.856,179.999,3
55.371,-35.344,5
-18.109,168.501,2
36.266,141.975,2
36.447,26.721,5
61.266,136.574,3
-33.188,-178.627,3
37.407,54.46,5
36.673,30.442,5
41.359,44.043,5
37.035,20.656,5
30.092,51.067,5
50.873,10.307,5
57.867,-137.375,3
35.36,23.668,5
37.227,20.448,5
47.437,10.699,5
37.792,22.006,5
31.705,11.337,5
41.277,43.898,5
42.284,13.489,5
42.637,41.547,5
53.308,159.82,3
46.897,14.254,5
41.134,19.622,5
36.0188333,-120.7571667,3
31.9831667,-116.3578333,3
37.0306667,-121.3798333,3
32.3045,-115.4828333,3
34.35,-119.5118333,3
34.2438333,-116.1935,3
31.441,-115.5733333,3
31.6061667,-115.2431667,3
34.0898333,-116.4123333,3
36.4871667,-121.6216667,3
31.8985,-116.0961667,3
31.6668333,-116.071,3
31.0145,-115.6543333,3
31.9848333,-115.2848333,3
34.4611667,-119.9535,3
31.4776667,-116.2166667,3
37.7251667,-118.3466667,3
31.3103333,-115.597,3
38.0355,-118.6398333,3
31.3923333,-115.8101667,3
34.9535,-117.0156667,3
37.5695,-118.6016667,3
33.1546667,-116.506,3
32.935,-116.2235,3
34.879,-119.2515,3
32.0418333,-116.433,3
30.9798333,-116.388,3
31.7405,-116.2298333,3
37.582,-118.6441667,3
34.9378333,-118.9951667,3
37.785,-118.3873333,3
31.5751667,-115.8633333,3
31.0238333,-118.2158333,3
31.4536667,-116.1428333,3
31.7473333,-115.7725,3
32.8636667,-115.4786667,3
33.827,-117.494,3
33.231,-115.9665,3
35.6906667,-121.4946667,3
31.9326667,-115.7545,3
31.6808333,-115.8773333,3
36.2858333,-122.0508333,3
33.1133333,-116.0113333,3
33.4836667,-116.4985,3
34.0773333,-116.4216667,3
35.0266667,-119.1946667,3
31.261,-116.2351667,3
36.334,-122.1995,3
32.6521667,-117.068,3
31.6016667,-116.4503333,3
31.3806667,-115.9738333,3
32.0023333,-115.8966667,3
32.0576667,-115.8623333,3
34.4016667,-119.4668333,3
31.6968333,-115.6795,3
32.0118333,-116.3823333,3
32.1426667,-115.8061667,3
34.4078333,-119.5163333,3
35.4871667,-118.3823333,3
32.8096667,-118.0515,3
34.3673333,-119.496,3
36.2956667,-122.1766667,3
35.3486667,-118.5915,3
36.2035,-121.0443333,3
35.4738333,-118.3203333,3
34.3231667,-119.5136667,3
34.9246667,-116.8408333,3
33.0988333,-116.2868333,3
33.1476667,-115.8476667,3
31.9735,-115.9566667,3
35.1111667,-119.0813333,3
31.747,-116.2491667,3
32.8506667,-115.4765,3
35.4863333,-118.3486667,3
31.4066667,-116.4015,3
32.3228333,-115.6503333,3
34.3455,-119.54,3
33.353,-116.2991667,3
32.6253333,-115.9625,3
35.0495,-118.9155,3
33.4355,-116.4033333,3
35.3343333,-118.6188333,3
34.4686667,-118.004,3
37.5876667,-118.8635,3
34.4688333,-119.4545,3
34.4955,-119.3038333,3
34.232,-116.5916667,3
34.534,-116.0435,3
34.3763333,-119.4543333,3
35.3636667,-118.6051667,3
34.009,-116.4983333,3
35.4228333,-118.674,3
36.0533333,-117.6955,3
34.045,-117.2396667,3
33.7065,-116.7851667,3
34.2873333,-119.5115,3
32.3991667,-115.535,3
32.7995,-115.656,3
34.3428333,-116.8616667,3
34.9755,-119.0898333,3
34.5306667,-119.4151667,3
34.1013333,-116.413,3
32.0053333,-116.311,3
33.0758333,-119.4053333,3
34.9843333,-119.4346667,3
34.3735,-119.482,3
34.8726667,-119.2233333,3
35.3841667,-118.7038333,3
32.7265,-117.4671667,3
34.2485,-117.1503333,3
35.0856667,-119.072,3
34.8161667,-116.0245,3
32.0741667,-115.8046667,3
33.0933333,-116.4823333,3
37.2963333,-118.0911667,3
34.973,-118.9631667,3
34.0243333,-116.495,3
33.6796667,-115.6173333,3
35.0191667,-119.0728333,3
35.3285,-118.594,3
34.3013333,-116.1868333,3
34.0895,-117.1991667,3
35.2271667,-118.6928333,3
31.4463333,-117.0435,3
35.617,-118.0748333,3
34.382,-119.4593333,3
34.5171667,-118.5545,3
34.18,-117.5021667,3
34.3801667,-119.443,3
35.4661667,-118.3353333,3
35.3628333,-118.649,3
32.739,-117.4231667,3
33.9725,-118.1206667,3
35.0996667,-119.0281667,3
35.0698333,-118.76,3
34.4305,-116.9181667,3
34.3605,-119.4961667,3
33.6573333,-116.7575,3
33.978,-116.7521667,3
34.3628333,-119.4776667,3
34.3901667,-119.4578333,3
36.0006667,-117.9651667,3
35.0828333,-118.7198333,3
35.3538333,-118.4983333,3
34.0286667,-117.2873333,3
33.2355,-116.116,3
34.0335,-119.1505,3
33.9043333,-119.3248333,3
35.022,-118.9128333,3
34.9658333,-119.0568333,3
33.6913333,-119.1438333,3
34.0068333,-116.643,3
34.1511667,-118.0661667,3
35.5023333,-118.4255,3
34.387,-119.4808333,3
35.2915,-118.5658333,3
33.916,-118.1138333,3
34.948,-119.4961667,3
34.3751667,-119.4648333,3
34.8536667,-118.906,3
33.698,-119.129,3
35.0203333,-118.9468333,3
35.158,-117.0556667,3
34.3535,-119.4648333,3
35.3643333,-118.5518333,3
35.3313333,-118.6371667,3
33.7253333,-115.638,3
35.112,-118.682,3
34.054,-117.2635,3
35.0783333,-118.8598333,3
34.7228333,-119.2966667,3
34.2531667,-117.1671667,3
34.0613333,-117.233,3
33.6943333,-118.0321667,3
35.3585,-118.6678333,3
34.3558333,-119.491,3
35.41,-118.572,3
35.4981667,-118.6815,3
34.9336667,-119.0203333,3
35.6923333,-118.4768333,3
35.3458333,-118.6266667,3
35.658,-118.42,3
34.344,-119.6136667,3
35.3751667,-118.5165,3
34.1733333,-116.8368333,3
34.4765,-116.8146667,3
35.373,-118.622,3
34.3986667,-119.1098333,3
37.5345,-118.376,3
34.9605,-118.6395,3
34.2863333,-116.8873333,3
34.003,-117.2751667,3
34.2476667,-117.2505,3
35.1055,-118.7236667,3
34.8773333,-117.3891667,3
34.022,-116.6433333,3
33.0801667,-115.6233333,3
34.598,-117.1025,3
33.9628333,-117.0036667,3
34.6246667,-117.1026667,3
34.0481667,-117.233,3
34.6805,-119.1135,3
35.6168333,-118.3521667,3
34.9833333,-116.9356667,3
34.0326667,-117.2503333,3
34.1973333,-117.0311667,3
34.1501667,-117.3428333,3
33.7055,-116.7455,3
33.87,-118.65,3
33.508,-116.4585,3
34.0168333,-118.2646667,3
33.9811667,-118.11,3
34.1991667,-117.61,3
