36.664,25.957,5
-15.434,-178.803,3
35.677,140.259,2
30.206,138.102,2
35.155,67.607,5
11.682,-86.556,1
-26.43,-175.241,3
-0.727,-80.213,1
26.497,142.908,2
31.8321667,-116.2308333,3
22.178,95.781,2
-6.856,126.245,2
18.8,145.009,2
13.498,120.713,2
-18.966,-70.507,1
-30.332,-71.474,1
51.597,-131.556,3
-15.131,-173.643,3
56.104,163.624,3
33.997,69.667,5
52.123,177.571,3
31.0201667,-115.4816667,3
-37.306,177.208,2
18.787,119.641,2
-45.677,95.879,4
-9.151,-109.899,1
49.011,-129.277,3
33.941,138.913,2
-52.863,26.27,0
44.759,151.391,3
52.518,172.688,3
40.422,-126.09,3
27.407,54.462,5
-21.574,169.171,2
26.75,141.416,2
-20.61,-70.338,1
8.002,94.133,2
31.265,-115.753,3
-47.902,-15.699,0
44.323,144.2,2
1.864,96.667,2
-42.182,41.962,4
-15.326,-173.263,3
-23.971,-112.173,1
-15.204,-68.502,1
-56.093,-122.364,0
-13.774,166.77,2
-33.127,-178.967,3
14.083,123.096,2
-22.326,-175.486,3
49.255,155.315,3
21.819,92.656,2
16.802,-99.362,3
-4.942,-105.451,1
-24.307,-70.346,1
31.5171667,-115.915,3
39.891,30.543,5
-35.347,-179.564,2
23.302,94.276,2
7.754,-82.564,1
42.404,145.015,2
-6.857,155.783,2
51.781,-170.701,3
-50.0,-114.169,1
24.04,122.424,2
19.788,-72.879,1
-5.228,152.359,2
49.439,155.53,3
51.512,159.432,3
-9.248,150.076,2
11.696,-86.407,1
54.58,-133.864,3
8.542,127.064,2
20.855,120.891,2
37.229,142.306,2
18.691,119.612,2
19.149,119.821,2
37.669,77.265,2
-5.895,150.226,2
51.662,-177.449,3
53.649,-161.489,3
29.65,69.945,2
14.94,120.009,2
35.777,26.095,5
53.66,-163.926,3
-16.174,178.349,3
-15.653,-75.245,1
42.287,144.902,2
8.357,-71.181,1
38.248,142.457,2
57.301,163.942,3
51.635,-173.029,3
-26.251,-175.823,3
-4.418,151.816,2
-3.647,68.239,4
-5.736,151.106,2
-32.381,-177.983,3
28.379,131.317,2
-6.794,154.827,2
-7.094,155.605,2
23.278,70.107,2
-1.291,-24.021,0
6.97,94.442,2
-20.267,-173.792,3
15.68,120.358,2
-49.102,123.32,2
-14.458,167.81,2
29.845,90.189,2
0.679,-27.11,1
18.462,119.42,2
51.631,159.586,3
51.783,158.686,3
-17.223,175.289,3
-16.888,174.83,3
-4.096,126.112,2
-27.383,-70.94,1
-0.175,124.425,2
2.084,126.673,2
40.852,-126.358,3
13.549,-91.11,1
33.969,69.487,5
37.995,140.647,2
1.786,-95.286,1
28.737,130.093,2
31.0435,-115.677,3
49.179,156.038,3
38.455,142.172,2
47.443,19.282,5
-29.458,168.12,2
32.991,46.606,5
27.912,52.773,5
23.419,93.968,2
23.375,94.218,2
27.82,52.783,5
-24.544,-175.583,3
0.449,125.186,2
-48.897,-9.869,0
-15.52,-172.821,3
54.538,-162.574,3
-5.875,104.06,2
-5.106,151.763,2
9.326,-84.474,1
43.258,15.918,5
7.261,-79.747,1
35.664,25.961,5
51.518,159.549,3
53.025,159.432,3
40.418,26.487,5
58.366,-154.067,3
31.144,-42.411,1
4.958,93.897,2
40.932,48.382,5
35.068,67.448,5
13.212,-90.681,1
36.691,26.214,5
0.425,-26.136,1
-8.191,85.529,2
36.0,25.917,5
-14.887,-172.921,3
44.133,148.862,2
33.408,48.746,5
15.59,-99.152,3
31.8,-116.2,3
27.991,52.872,5
51.516,159.494,3
35.532,141.018,2
37.338,21.057,5
79.727,-118.317,3
34.965,67.497,5
52.163,-31.777,5
35.558,25.732,5
40.627,143.955,2
36.388,21.801,5
27.974,95.211,2
11.909,-86.307,1
39.825,76.731,5
39.275,26.18,5
31.6146667,-116.1346667,3
31.7816667,-115.7666667,3
35.707,140.024,2
33.687,35.812,5
19.825,-109.514,3
38.831,70.399,5
37.465,50.299,5
38.821,74.669,5
38.991,22.763,5
26.097,-109.972,3
25.03,90.853,2
31.697,60.399,5
43.471,28.959,5
36.622,25.787,5
36.831,26.156,5
54.282,-35.452,5
49.518,155.817,3
53.729,160.784,3
38.405,69.221,5
45.627,151.495,3
39.267,23.173,5
31.609,-116.1346667,3
37.241,20.745,5
50.291,147.67,3
36.617,26.497,5
35.516,25.778,5
49.184,155.451,3
31.4261667,-115.9403333,3
31.3705,-116.099,3
30.982,-116.2263333,3
36.442,1.62,5
33.776,35.575,5
34.242,26.247,5
44.024,18.777,5
36.734,-8.561,5
66.397,-17.612,5
32.9551667,-115.4718333,3
31.7213333,-115.2528333,3
73.319,8.009,5
44.002,11.668,5
36.227,25.866,5
76.803,8.156,5
31.4565,-115.4521667,3
31.3751667,-115.725,3
31.4731667,-115.3578333,3
31.374,-115.7025,3
31.5228333,-115.7578333,3
31.5745,-115.605,3
31.336,-115.5936667,3
36.3756667,-120.8846667,3
31.6488333,-116.1365,3
31.4941667,-115.8503333,3
31.3136667,-115.5536667,3
31.8,-116.2,3
31.5035,-115.3103333,3
31.7971667,-115.4606667,3
31.7313333,-116.1338333,3
30.8,-115.5,3
30.9248333,-116.0063333,3
31.6416667,-116.1973333,3
31.25,-115.9,3
31.5661667,-115.4845,3
31.3546667,-115.7596667,3
31.5386667,-115.8668333,3
31.501,-116.0518333,3
31.737,-116.1815,3
31.455,-115.6258333,3
31.6805,-116.3135,3
31.4896667,-115.7523333,3
31.671,-116.1041667,3
31.4603333,-115.6433333,3
31.2873333,-115.4261667,3
31.5101667,-115.8471667,3
31.6,-116.1,3
31.3986667,-115.7811667,3
31.4613333,-115.8306667,3
33.7528333,-117.4906667,3
31.6585,-116.206,3
31.8,-116.2,3
31.5,-115.5,3
31.5,-115.5,3
31.5,-115.5,3
31.589,-115.6545,3
34.289,-116.775,3
31.6931667,-115.9931667,3
34.2288333,-116.7776667,3
31.7543333,-116.3503333,3
32.3735,-116.0385,3
31.4291667,-116.2415,3
31.4731667,-115.8155,3
31.4848333,-115.6145,3
31.7395,-116.0701667,3
31.4178333,-115.5521667,3
31.548,-115.6481667,3
31.5095,-115.462,3
31.8526667,-116.1966667,3
31.7,-115.9,3
31.75,-116.0,3
31.75,-116.0,3
31.6,-116.0,3
31.5,-115.5,3
31.5,-115.5,3
31.5,-115.5,3
32.953,-115.486,3
31.4963333,-115.6393333,3
29.8653333,-115.3761667,3
31.6708333,-116.1426667,3
31.45,-115.9,3
31.0108333,-116.353,3
31.6,-116.1,3
31.6351667,-115.3431667,3
31.4991667,-115.3506667,3
31.6646667,-115.7788333,3
30.9995,-116.0211667,3
31.5791667,-115.5841667,3
31.4108333,-116.1818333,3
31.7,-115.9,3
31.75,-116.0,3
31.75,-116.0,3
31.75,-116.0,3
31.75,-116.0,3
31.75,-116.0,3
31.75,-116.0,3
31.75,-116.0,3
31.75,-116.0,3
31.5,-115.5,3
31.5,-115.5,3
31.5,-115.5,3
31.5,-115.5,3
31.5,-115.5,3
31.5,-115.5,3
31.5,-115.5,3
31.8,-116.2,3
31.5663333,-115.3225,3
31.678,-116.0655,3
31.6,-116.1,3
31.597,-116.441,3
31.6,-116.1,3
31.6015,-115.5841667,3
31.7353333,-116.281,3
32.9833333,-115.4831667,3
34.579,-118.6013333,3
31.7776667,-116.2435,3
31.8,-116.2,3
34.2925,-116.768,3
35.0766667,-119.0433333,3
31.5145,-115.8563333,3
31.6041667,-116.0411667,3
31.566,-115.5115,3
31.0846667,-115.8168333,3
31.7,-116.1,3
31.6076667,-115.6905,3
31.4508333,-115.865,3
31.5111667,-115.7906667,3
31.6155,-115.6005,3
31.405,-115.9006667,3
31.4003333,-116.0013333,3
31.6323333,-116.2165,3
31.2673333,-115.8123333,3
31.6,-116.1,3
31.9603333,-116.1301667,3
31.5,-116.0,3
31.2341667,-116.0801667,3
31.3126667,-116.2211667,3
31.2968333,-116.2526667,3
31.5753333,-115.4758333,3
31.6,-116.1,3
31.1703333,-115.9975,3
31.7455,-115.9788333,3
31.4923333,-115.9116667,3
31.6808333,-115.7758333,3
33.0411667,-115.6196667,3
35.0536667,-119.0075,3
33.5328333,-116.5525,3
31.1238333,-116.2858333,3
33.0,-115.5,3
31.2473333,-115.4536667,3
30.6763333,-115.9166667,3
31.4563333,-115.8656667,3
31.6846667,-115.7191667,3
33.6173333,-119.0971667,3
31.4496667,-115.7996667,3
31.607,-115.642,3
35.7585,-117.9468333,3
30.9956667,-116.7521667,3
31.0,-116.0,3
33.7678333,-116.0705,3
31.9331667,-116.35,3
31.6768333,-115.6991667,3
34.3408333,-119.7908333,3
37.7963333,-119.414,3
31.683,-115.1015,3
31.1586667,-116.1668333,3
31.8356667,-116.3365,3
34.5625,-118.6151667,3
31.148,-116.2186667,3
30.9695,-116.087,3
31.4645,-115.8415,3
31.7228333,-116.1205,3
35.1766667,-119.1483333,3
31.5898333,-115.6193333,3
31.6653333,-115.6793333,3
31.5915,-116.285,3
31.7663333,-115.1623333,3
31.7356667,-116.2126667,3
34.2125,-116.8125,3
31.9753333,-115.9161667,3
31.7903333,-116.0373333,3
31.1875,-116.2573333,3
31.1458333,-116.4543333,3
36.4606667,-121.6376667,3
34.1936667,-116.8266667,3
31.5643333,-115.9685,3
31.189,-116.4806667,3
32.9935,-115.4863333,3
31.6893333,-116.3963333,3
31.4271667,-115.5846667,3
36.85,-121.77,3
31.1763333,-116.3078333,3
31.5583333,-115.4123333,3
31.2993333,-115.8118333,3
31.3901667,-115.9413333,3
36.6173333,-121.6511667,3
31.2081667,-116.3696667,3
32.2845,-116.5985,3
36.7478333,-121.4818333,3
30.9306667,-116.617,3
31.6873333,-116.3481667,3
31.2213333,-116.2638333,3
31.1826667,-116.4668333,3
31.6531667,-115.7063333,3
35.5013333,-118.3336667,3
34.3126667,-116.767,3
31.6976667,-116.1528333,3
36.5775,-121.506,3
34.1823333,-116.824,3
31.1515,-116.323,3
31.4038333,-115.9335,3
30.984,-116.2176667,3
31.7916667,-116.3003333,3
33.7471667,-116.0253333,3
31.7035,-116.0006667,3
32.798,-115.401,3
31.9281667,-115.4728333,3
34.6906667,-120.4935,3
31.626,-116.4801667,3
31.3746667,-116.5158333,3
38.005,-118.7383333,3
33.0185,-115.497,3
32.1823333,-116.9851667,3
31.1258333,-116.5191667,3
32.8606667,-115.3531667,3
34.259,-116.7966667,3
32.0368333,-115.3606667,3
32.84,-115.3915,3
31.1328333,-116.0485,3
32.2428333,-115.5708333,3
32.4323333,-115.4246667,3
33.8296667,-117.0001667,3
31.3883333,-116.0635,3
35.818,-120.9641667,3
31.395,-117.0795,3
31.434,-116.2451667,3
35.3278333,-118.483,3
31.9233333,-116.1085,3
31.423,-116.0765,3
35.8341667,-120.893,3
31.7581667,-116.4748333,3
33.7593333,-116.0533333,3
31.7601667,-116.6123333,3
31.8743333,-116.2495,3
31.5865,-116.062,3
31.731,-116.1885,3
31.8211667,-116.2885,3
35.5896667,-118.5211667,3
31.7718333,-116.3051667,3
33.154,-116.4461667,3
33.7706667,-116.0773333,3
34.6193333,-120.8216667,3
32.9161667,-115.4235,3
31.8491667,-116.7833333,3
31.6325,-116.1873333,3
36.226,-120.3496667,3
33.9658333,-116.2106667,3
31.5673333,-116.0221667,3
33.9788333,-116.209,3
37.5401667,-118.5248333,3
34.2398333,-116.822,3
31.6611667,-116.2978333,3
35.3208333,-118.4796667,3
32.831,-115.3475,3
34.0133333,-116.5523333,3
31.622,-116.4596667,3
38.7973333,-119.3786667,3
34.1476667,-116.9716667,3
36.501,-120.2133333,3
33.0478333,-115.5515,3
33.12,-115.562,3
33.7718333,-120.3941667,3
36.5205,-120.5006667,3
34.2341667,-116.8015,3
32.8966667,-117.7873333,3
32.9418333,-116.9285,3
33.2683333,-115.5651667,3
31.6001667,-115.9066667,3
33.749,-116.0623333,3
34.2506667,-117.1548333,3
35.0766667,-118.837,3
33.0281667,-115.5418333,3
33.4686667,-116.4695,3
37.481,-117.5785,3
34.8991667,-119.1445,3
33.064,-115.5933333,3
33.0,-115.5,3
34.2058333,-116.8265,3
35.3605,-118.6366667,3
31.4186667,-116.3435,3
34.1935,-116.8076667,3
35.0028333,-118.8663333,3
30.972,-116.9881667,3
32.908,-115.5095,3
34.217,-116.8046667,3
36.3718333,-120.0015,3
34.07,-117.4648333,3
35.7641667,-118.0188333,3
34.2195,-116.8343333,3
38.1216667,-118.2833333,3
32.8785,-115.3833333,3
35.2986667,-118.5011667,3
34.22,-116.7916667,3
35.0543333,-118.763,3
35.1353333,-118.5553333,3
35.3503333,-118.5656667,3
33.0,-115.5,3
35.3246667,-118.4713333,3
34.1893333,-116.823,3
37.363,-118.7796667,3
34.9606667,-116.9651667,3
34.2891667,-116.4631667,3
35.9428333,-117.78,3
33.0196667,-116.38,3
35.6925,-120.8681667,3
35.9883333,-117.7888333,3
32.9766667,-115.4871667,3
32.821,-115.3433333,3
33.8021667,-117.0208333,3
32.979,-115.5518333,3
34.5226667,-116.549,3
33.964,-116.1776667,3
32.7598333,-115.3676667,3
34.9686667,-116.9503333,3
33.4238333,-116.416,3
35.378,-117.883,3
34.1916667,-119.5841667,3
33.9853333,-116.7298333,3
35.428,-118.6145,3
33.7143333,-117.4995,3
33.0,-115.5,3
33.0,-115.5,3
35.3033333,-118.5168333,3
34.1893333,-117.4788333,3
35.7698333,-118.0368333,3
35.4383333,-118.6973333,3
35.1231667,-119.0555,3
35.3343333,-118.9086667,3
32.9986667,-115.3821667,3
35.4785,-118.3553333,3
34.3086667,-116.7321667,3
32.9868333,-115.5411667,3
33.5448333,-116.6746667,3
33.7416667,-116.0026667,3
34.0138333,-116.7343333,3
34.987,-117.0121667,3
33.0,-115.5,3
34.2141667,-117.134,3
33.8775,-117.8608333,3
33.0,-115.5,3
33.8778333,-118.5966667,3
33.0165,-115.1993333,3
33.0,-115.5,3
32.8538333,-115.5263333,3
33.1193333,-116.4165,3
35.6241667,-115.865,3
34.2848333,-116.7525,3
35.3711667,-118.5438333,3
33.9871667,-116.0793333,3
34.9403333,-118.9983333,3
35.3623333,-118.5585,3
32.8806667,-115.3881667,3
34.3195,-116.435,3
34.2663333,-117.1826667,3
33.987,-116.6946667,3
35.3466667,-118.4786667,3
35.4148333,-118.7951667,3
35.3943333,-118.672,3
32.9411667,-116.1251667,3
34.2161667,-117.4591667,3
33.4865,-122.221,3
35.3666667,-118.5978333,3
35.3495,-119.0146667,3
35.4035,-118.6681667,3
34.961,-118.7345,3
33.1168333,-118.8323333,3
33.1851667,-115.6668333,3
35.3528333,-118.9803333,3
34.2265,-117.1356667,3
33.4898333,-116.814,3
33.9858333,-116.2148333,3
33.1176667,-116.4226667,3
35.879,-116.8533333,3
33.6345,-117.997,3
35.4736667,-118.3538333,3
35.1148333,-119.0735,3
33.0,-115.5,3
35.3241667,-118.4906667,3
35.409,-118.6833333,3
33.455,-116.4326667,3
35.3665,-118.5325,3
35.346,-118.5503333,3
35.2886667,-118.6418333,3
35.0653333,-117.1621667,3
34.898,-119.069,3
35.6331667,-118.4478333,3
35.3818333,-118.4751667,3
33.743,-117.4726667,3
35.289,-118.6146667,3
34.2805,-117.7743333,3
35.1518333,-118.5565,3
34.9158333,-119.1501667,3
33.7296667,-117.4861667,3
33.329,-118.5623333,3
32.3496667,-117.8998333,3
34.9645,-118.9401667,3
34.2773333,-116.7718333,3
35.4168333,-118.747,3
35.3725,-118.5473333,3
33.037,-115.58,3
34.2276667,-116.8008333,3
34.631,-117.0906667,3
34.5715,-116.8338333,3
34.5803333,-116.8421667,3
32.861,-115.5231667,3
33.8171667,-117.5165,3
33.9256667,-117.2011667,3
34.2841667,-116.767,3
34.2355,-117.176,3
34.2993333,-116.7738333,3
35.2706667,-118.7003333,3
34.0808333,-119.0838333,3
35.2278333,-118.6516667,3
33.273,-116.2935,3
35.3325,-118.5446667,3
34.2086667,-117.0493333,3
35.3605,-118.6831667,3
34.1633333,-117.6223333,3
35.0546667,-118.9161667,3
34.2678333,-117.073,3
33.7333333,-119.1473333,3
35.406,-118.6518333,3
35.3238333,-118.5995,3
35.0775,-118.7635,3
33.8741667,-118.6011667,3
33.8183333,-118.4406667,3
35.1491667,-119.1108333,3
34.57,-116.8168333,3
33.0,-115.9,3
34.3381667,-116.747,3
33.9746667,-117.5655,3
34.3461667,-116.4465,3
35.0813333,-118.8235,3
32.9368333,-115.3948333,3
34.039,-117.2371667,3
35.4208333,-118.6236667,3
35.1368333,-118.5151667,3
35.4453333,-118.5075,3
33.1451667,-116.0573333,3
35.4056667,-118.628,3
35.102,-118.679,3
34.6655,-117.1273333,3
33.4351667,-118.31,3
36.1816667,-119.59,3
35.3531667,-118.5865,3
35.3671667,-118.8891667,3
35.341,-118.4946667,3
34.0576667,-117.0391667,3
34.5568333,-118.5745,3
34.3,-116.7663333,3
34.0316667,-117.5081667,3
34.3483333,-116.4495,3
35.2738333,-118.601,3
34.2033333,-117.5538333,3
34.6056667,-117.0778333,3
35.0675,-119.051,3
33.0908333,-118.4986667,3
34.4711667,-118.0986667,3
34.5033333,-118.1081667,3
32.9463333,-115.459,3
35.0941667,-118.9378333,3
33.6988333,-117.4771667,3
33.9718333,-118.8221667,3
33.6943333,-116.7645,3
34.0078333,-118.4073333,3
34.7106667,-117.0898333,3
35.339,-118.4591667,3
35.3825,-118.5165,3
35.4175,-118.6893333,3
34.1888333,-117.1515,3
35.4191667,-118.6308333,3
34.267,-116.7825,3
34.3058333,-119.1558333,3
32.9628333,-115.5316667,3
34.5171667,-116.8436667,3
34.041,-117.2445,3
34.0305,-117.4588333,3
34.0751667,-118.232,3
35.437,-118.7343333,3
33.8893333,-118.4086667,3
33.9998333,-117.2211667,3
34.0308333,-117.2465,3
35.4796667,-118.412,3
34.1163333,-117.4888333,3
34.0808333,-117.5928333,3
34.4775,-117.865,3
35.0105,-117.0723333,3
33.6853333,-118.0153333,3
35.0921667,-119.0656667,3
