34.006,141.625,2
-37.093,-72.866,1
-4.449,152.868,2
40.175,27.648,5
13.809,-61.216,1
-19.092,169.635,2
-13.082,166.464,2
-8.229,156.434,2
53.631,170.973,3
50.645,156.532,3
-5.423,151.922,2
49.205,155.398,3
-10.946,164.23,2
-8.552,123.897,2
-8.462,123.992,2
38.182,20.942,5
22.485,-107.211,3
13.486,-92.228,1
34.26,141.451,2
50.137,156.428,3
42.108,144.078,2
35.385,54.979,5
-20.811,169.296,2
-20.802,169.695,2
19.451,-70.401,1
50.08,156.302,3
-3.649,150.764,2
49.8,156.008,3
51.035,157.369,3
-13.142,166.429,2
52.382,174.045,3
34.474,24.346,5
6.244,126.938,2
49.196,156.085,3
56.282,-154.122,3
50.824,156.821,3
38.301,20.846,5
32.116,82.786,2
34.378,141.499,2
48.781,154.842,3
-5.526,151.994,2
-5.368,151.523,2
52.386,160.311,3
-0.147,-17.987,0
-21.706,169.411,2
51.806,159.374,3
50.826,157.152,3
-18.397,178.354,3
-20.574,-173.953,3
52.435,159.553,3
65.279,-133.365,3
-4.733,153.385,2
49.104,156.05,3
51.653,157.955,3
6.354,125.62,2
35.943,141.504,2
-6.841,132.038,2
51.429,160.169,3
-55.636,-28.985,0
52.84,160.688,3
-2.088,138.837,2
38.216,20.83,5
-21.519,-174.834,3
-5.188,152.58,2
-32.738,-71.701,1
34.741,32.335,5
-54.474,1.375,0
-9.45,152.727,2
51.785,159.448,3
-12.485,166.62,2
52.243,160.365,3
22.547,100.002,2
53.62,162.394,3
53.96,160.811,3
-5.605,151.717,2
-5.536,151.351,2
29.25,69.927,2
49.192,158.476,3
52.271,-169.653,3
-4.92,153.477,2
-36.46,-16.68,0
-0.344,-80.685,1
-5.217,151.638,2
-9.644,159.581,2
-53.787,-133.902,0
41.796,142.904,2
52.255,160.098,3
-6.636,155.077,2
37.9,20.83,5
29.977,-113.984,3
38.103,20.603,5
34.169,141.537,2
-18.033,176.549,3
51.4,159.875,3
-5.353,151.27,2
51.415,159.513,3
41.714,143.556,2
50.161,156.424,3
18.393,-73.363,1
-15.971,-13.052,0
-0.254,-80.804,1
-5.008,-77.12,1
-28.116,-176.278,3
30.886,141.707,2
51.487,157.474,3
-6.998,147.05,2
39.989,77.968,5
29.981,-42.746,1
26.216,127.865,2
51.207,157.366,3
40.956,33.204,5
-52.821,25.627,0
50.838,157.213,3
54.378,160.929,3
32.258,82.892,2
-0.633,98.553,2
-20.941,168.621,2
47.731,155.41,3
-3.295,146.835,2
53.725,162.057,3
49.231,156.228,3
51.686,159.393,3
52.122,-169.517,3
56.186,-156.607,3
-20.854,-173.824,3
23.946,122.388,2
52.462,160.2,3
3.117,127.203,2
31.049,96.874,2
53.505,161.452,3
-6.218,102.129,2
52.282,159.78,3
-4.076,128.486,2
-20.858,-174.88,3
13.062,-90.181,1
18.914,145.305,2
-34.25,-69.905,1
38.132,20.918,5
-6.953,115.218,2
-1.503,-13.554,0
-15.403,-174.337,3
13.551,-57.926,1
-35.295,-179.733,2
49.685,155.834,3
46.955,154.011,3
11.611,138.91,2
34.196,141.467,2
43.857,86.335,2
34.62,141.873,2
71.12,-6.789,5
56.481,-154.049,3
50.081,158.194,3
53.42,162.388,3
52.754,160.916,3
52.231,160.788,3
48.754,155.551,3
23.968,121.667,2
-13.704,-112.492,1
52.282,-169.396,3
52.581,160.835,3
49.281,156.314,3
8.065,-103.782,3
-5.906,102.289,2
51.219,160.239,3
-56.06,-27.279,0
-15.662,-173.124,3
-18.95,-172.917,3
-21.469,169.947,2
-0.792,-20.188,0
14.196,-91.43,1
53.799,160.528,3
37.891,23.15,5
28.119,140.866,2
29.824,97.262,2
16.178,-96.872,3
-30.054,-112.24,1
42.851,145.398,2
4.05,95.971,2
34.204,141.44,2
51.584,160.504,3
65.49,-167.209,3
29.529,81.382,2
51.387,159.426,3
30.495,96.712,2
29.955,142.217,2
54.967,-160.382,3
30.78,142.012,2
30.775,141.651,2
40.049,78.279,5
41.596,143.921,2
43.554,86.52,2
1.351,97.076,2
28.168,82.333,2
52.378,159.895,3
-34.891,-75.772,1
39.923,78.19,5
43.629,86.559,2
43.631,86.418,2
28.121,-43.655,1
-3.219,101.321,2
40.321,28.532,5
-16.059,-74.424,1
6.693,-82.53,1
-15.99,-75.547,1
51.698,159.866,3
38.039,20.939,5
50.493,90.072,5
38.213,20.819,5
40.01,78.353,5
24.119,103.158,2
-17.965,168.087,2
39.123,28.592,5
26.37,-44.542,1
25.97,65.072,5
-2.874,-11.854,0
38.007,20.835,5
38.177,20.991,5
38.174,20.721,5
38.887,-28.759,5
37.247,20.823,5
38.168,21.388,5
24.889,63.214,5
27.761,54.751,5
34.727,24.131,5
39.821,27.545,5
36.855,36.966,5
33.252,72.675,2
38.321,26.207,5
38.457,26.616,5
52.533,173.485,3
19.647,-70.171,1
41.767,26.636,5
38.468,20.472,5
38.049,20.947,5
16.558,-98.455,3
32.8923333,-115.5043333,3
50.989,10.086,5
40.223,28.069,5
39.7,27.545,5
76.94,7.037,5
41.13,48.129,5
55.444,-35.238,5
37.514,20.585,5
38.522,20.519,5
38.12,20.814,5
38.169,20.826,5
38.02,20.656,5
38.799,23.962,5
38.147,21.825,5
39.812,27.412,5
38.339,26.568,5
37.819,20.926,5
45.16,18.405,5
39.431,27.905,5
30.906,-115.4501667,3
40.567,19.82,5
33.567,-115.2511667,3
35.7943333,-116.8993333,3
34.9708333,-119.0485,3
34.9961667,-118.8283333,3
34.9901667,-118.7198333,3
35.9158333,-120.7836667,3
34.9791667,-118.8568333,3
35.3008333,-118.5511667,3
35.461,-118.4915,3
35.413,-121.2116667,3
35.3961667,-118.5126667,3
35.064,-119.0771667,3
33.4215,-116.4861667,3
33.1086667,-116.4355,3
35.0068333,-119.0868333,3
32.4791667,-115.7755,3
37.6976667,-118.7598333,3
34.9978333,-119.1418333,3
35.8623333,-120.1728333,3
34.0748333,-115.655,3
35.3261667,-118.528,3
35.3558333,-118.4796667,3
35.0318333,-118.925,3
35.317,-118.515,3
37.6031667,-118.2028333,3
35.374,-118.8318333,3
35.1913333,-118.4851667,3
35.389,-118.633,3
35.3446667,-118.6045,3
34.0748333,-117.6185,3
35.064,-118.9205,3
35.168,-118.5745,3
35.0015,-119.093,3
32.3931667,-115.804,3
35.1178333,-118.5051667,3
35.6401667,-121.3996667,3
35.834,-121.5966667,3
35.3783333,-118.538,3
35.1468333,-118.6651667,3
36.306,-121.746,3
32.8495,-116.2451667,3
31.8983333,-115.6066667,3
35.1601667,-116.5363333,3
35.0686667,-119.1641667,3
35.3016667,-118.5823333,3
36.458,-121.2968333,3
35.3538333,-118.8903333,3
33.0368333,-115.7055,3
34.9758333,-117.0258333,3
34.2948333,-119.722,3
35.0091667,-119.1721667,3
32.0471667,-115.2276667,3
31.366,-116.1693333,3
36.4393333,-121.0343333,3
35.8298333,-120.291,3
35.421,-118.76,3
35.3501667,-118.6258333,3
35.3031667,-118.646,3
35.9161667,-121.3413333,3
35.8385,-118.3601667,3
37.7171667,-118.698,3
35.02,-119.1493333,3
35.3435,-118.5523333,3
33.2565,-116.476,3
35.3626667,-117.8176667,3
36.0216667,-113.7838333,3
35.055,-118.9516667,3
35.1583333,-118.6391667,3
37.2178333,-116.9843333,3
35.6055,-121.146,3
33.0455,-115.6961667,3
35.363,-118.6183333,3
37.0,-121.0,3
35.1163333,-118.7535,3
35.7175,-117.8645,3
35.43,-118.7461667,3
32.2355,-116.232,3
34.9525,-118.9198333,3
35.295,-118.5928333,3
34.7381667,-120.6401667,3
35.3301667,-118.6336667,3
35.3113333,-118.534,3
35.7828333,-120.1083333,3
36.0041667,-120.5011667,3
35.183,-118.6085,3
35.2926667,-118.4776667,3
34.7516667,-121.5883333,3
37.268,-118.2553333,3
34.9305,-116.7708333,3
35.0516667,-118.515,3
35.0803333,-118.74,3
35.9018333,-120.646,3
35.0725,-118.9781667,3
35.0685,-118.9818333,3
35.806,-121.101,3
35.3566667,-118.5853333,3
34.9695,-119.0943333,3
35.4608333,-118.6675,3
33.4678333,-115.1303333,3
35.4618333,-118.4315,3
34.3383333,-116.2533333,3
35.3541667,-118.5203333,3
34.9048333,-119.0578333,3
33.129,-115.5138333,3
35.4075,-118.5938333,3
35.365,-118.512,3
35.0963333,-118.975,3
34.5761667,-119.3711667,3
35.044,-119.2166667,3
32.6368333,-115.6635,3
36.0348333,-120.4978333,3
35.3831667,-118.579,3
35.3978333,-118.7965,3
33.715,-118.5153333,3
35.7733333,-117.0388333,3
35.1275,-119.0173333,3
35.3871667,-118.6108333,3
36.1206667,-120.466,3
31.665,-116.1236667,3
35.0026667,-118.7355,3
32.9423333,-117.3933333,3
35.37,-118.9013333,3
35.1553333,-118.6568333,3
35.5503333,-118.3633333,3
34.0115,-116.8033333,3
34.5966667,-121.0608333,3
35.0286667,-119.0401667,3
32.9926667,-115.6276667,3
34.9325,-119.0425,3
32.4633333,-115.7656667,3
35.0775,-119.0805,3
35.06,-118.8541667,3
36.633,-115.9376667,3
34.007,-117.6035,3
34.4455,-116.5935,3
35.3225,-118.5551667,3
37.0635,-117.951,3
32.1163333,-115.7515,3
35.772,-117.9971667,3
35.0183333,-118.685,3
35.0113333,-118.4266667,3
34.9805,-118.8751667,3
33.7451667,-115.6713333,3
35.1281667,-119.1328333,3
35.0618333,-119.0656667,3
35.136,-118.7471667,3
32.6123333,-115.8421667,3
35.375,-117.8036667,3
33.1295,-116.1138333,3
34.1093333,-117.3006667,3
35.3753333,-118.508,3
33.71,-116.9376667,3
35.179,-119.0168333,3
32.6835,-115.766,3
35.3261667,-118.5723333,3
36.1645,-118.0471667,3
34.9346667,-119.1768333,3
35.3841667,-118.4845,3
32.9476667,-115.4161667,3
35.084,-118.5366667,3
33.2381667,-116.061,3
35.6653333,-116.9603333,3
35.0713333,-118.7085,3
34.4728333,-116.8216667,3
34.0905,-120.9743333,3
35.1271667,-118.521,3
34.9753333,-116.8971667,3
35.3316667,-118.499,3
36.0073333,-116.7906667,3
35.1315,-118.5333333,3
33.9356667,-118.9828333,3
35.1443333,-118.5943333,3
35.6133333,-118.5191667,3
35.3456667,-118.5645,3
35.0788333,-118.3018333,3
35.0763333,-119.0413333,3
35.7743333,-117.9888333,3
35.7541667,-121.8488333,3
36.5921667,-117.9861667,3
35.3493333,-118.503,3
34.9985,-119.1071667,3
35.3788333,-118.5413333,3
32.8711667,-116.1016667,3
35.0813333,-118.2395,3
35.2765,-118.7586667,3
35.2963333,-118.4358333,3
34.9486667,-119.4158333,3
35.356,-118.7371667,3
35.3766667,-118.4981667,3
34.4848333,-116.2391667,3
32.9513333,-115.7728333,3
35.4358333,-118.742,3
35.0588333,-119.0331667,3
35.0061667,-118.7545,3
35.8051667,-117.9366667,3
34.9825,-118.9586667,3
35.3396667,-118.6398333,3
35.3213333,-118.5606667,3
34.9576667,-118.9715,3
35.2791667,-118.5168333,3
35.0251667,-118.6786667,3
35.0458333,-118.2676667,3
35.0261667,-119.1546667,3
35.0493333,-119.1515,3
33.1176667,-115.444,3
34.3543333,-118.4776667,3
34.9781667,-118.9498333,3
35.441,-118.7823333,3
35.402,-118.6288333,3
33.2268333,-116.5038333,3
34.9356667,-119.13,3
35.3726667,-118.5361667,3
35.0265,-118.9376667,3
35.018,-119.1508333,3
35.171,-118.6983333,3
35.461,-118.678,3
35.4181667,-118.6441667,3
33.1466667,-115.9653333,3
35.3648333,-118.5495,3
35.0526667,-118.9258333,3
35.1066667,-119.1501667,3
34.0521667,-116.4373333,3
35.2971667,-118.9271667,3
35.2641667,-118.5938333,3
35.6,-118.5158333,3
35.296,-118.5363333,3
35.4781667,-118.6786667,3
35.5035,-118.879,3
35.3123333,-118.4805,3
35.3086667,-118.6296667,3
35.357,-118.5313333,3
35.8786667,-117.7403333,3
34.444,-118.3923333,3
35.8308333,-117.038,3
35.3991667,-118.6358333,3
35.3966667,-118.6088333,3
35.2106667,-118.664,3
35.0316667,-119.0406667,3
36.0001667,-119.882,3
35.4108333,-118.6045,3
35.0261667,-116.9413333,3
35.053,-118.6743333,3
33.1463333,-115.3921667,3
35.3243333,-118.6806667,3
33.2268333,-116.1428333,3
35.2963333,-118.5816667,3
35.3376667,-118.6008333,3
36.3425,-117.9101667,3
35.3335,-118.561,3
35.4183333,-118.6608333,3
34.038,-116.7146667,3
35.3823333,-118.6445,3
33.3641667,-118.7135,3
35.1356667,-118.6263333,3
35.3955,-118.6348333,3
35.2378333,-118.5771667,3
35.1386667,-118.6241667,3
33.673,-115.9996667,3
35.1198333,-118.5696667,3
35.3071667,-118.7271667,3
34.29,-116.3658333,3
34.1915,-120.9745,3
34.8336667,-118.8718333,3
35.3926667,-118.6643333,3
35.293,-118.681,3
35.3143333,-118.6131667,3
35.3995,-118.6458333,3
35.1815,-116.4356667,3
35.2185,-118.6925,3
35.3668333,-117.8261667,3
35.507,-118.8093333,3
36.3793333,-117.933,3
35.3451667,-118.6633333,3
35.129,-118.6085,3
35.4116667,-118.7933333,3
35.2703333,-118.6005,3
35.7526667,-117.9731667,3
35.1476667,-118.8425,3
35.295,-118.6373333,3
35.4568333,-118.7396667,3
35.0251667,-118.8568333,3
34.9943333,-118.9546667,3
35.1083333,-119.1268333,3
35.4438333,-118.7333333,3
34.0103333,-117.605,3
34.96,-118.7261667,3
35.3661667,-118.4718333,3
34.1065,-117.4213333,3
34.2935,-116.4591667,3
35.5458333,-118.443,3
35.0385,-119.061,3
35.3718333,-118.5135,3
35.3515,-118.7101667,3
32.739,-115.3763333,3
35.3945,-118.4846667,3
35.1165,-118.6496667,3
35.3563333,-118.4586667,3
35.423,-118.6428333,3
34.9341667,-119.1048333,3
34.9821667,-119.2996667,3
35.126,-118.5626667,3
35.398,-118.6325,3
35.9321667,-117.6475,3
35.1236667,-118.5116667,3
35.2333333,-118.635,3
33.8353333,-119.0366667,3
35.0223333,-116.9666667,3
35.1686667,-118.6465,3
34.203,-117.6353333,3
35.3728333,-118.6075,3
35.3371667,-118.5291667,3
34.3928333,-116.6593333,3
35.3603333,-118.589,3
35.3993333,-118.555,3
34.3636667,-116.4855,3
35.2413333,-118.6096667,3
35.1408333,-118.6623333,3
35.01,-118.8655,3
35.0626667,-119.1056667,3
34.9405,-118.9246667,3
33.6303333,-116.701,3
35.2188333,-118.643,3
35.3633333,-118.5731667,3
35.0671667,-119.0901667,3
34.9958333,-116.9086667,3
34.9908333,-118.7443333,3
35.1028333,-119.2471667,3
35.0615,-116.8661667,3
35.4506667,-118.6926667,3
34.0906667,-116.97,3
33.4578333,-116.4348333,3
35.3258333,-118.5716667,3
35.3863333,-118.5676667,3
35.3845,-118.7835,3
32.9435,-116.252,3
34.3753333,-116.3135,3
35.3271667,-118.582,3
35.3923333,-118.699,3
35.0888333,-118.5466667,3
35.0361667,-119.0826667,3
35.0793333,-118.9126667,3
35.1663333,-118.7168333,3
35.3415,-118.6406667,3
33.4906667,-116.7898333,3
32.7401667,-117.0585,3
35.3086667,-118.5921667,3
34.9258333,-118.9706667,3
33.784,-116.0893333,3
35.3183333,-118.5706667,3
33.1783333,-116.5068333,3
35.03,-118.6733333,3
35.4738333,-118.4731667,3
34.9973333,-119.0296667,3
35.3816667,-118.5101667,3
35.1568333,-118.6515,3
35.108,-118.5586667,3
35.0388333,-118.9411667,3
36.192,-117.9096667,3
35.2035,-118.2375,3
35.448,-118.6906667,3
35.1376667,-118.5903333,3
35.3675,-118.5976667,3
35.3271667,-118.6138333,3
35.4188333,-118.5716667,3
35.1135,-118.7478333,3
35.4116667,-118.6575,3
35.2595,-118.6393333,3
34.9725,-118.8205,3
35.3173333,-118.5495,3
35.1625,-118.7521667,3
35.3723333,-118.6045,3
35.4393333,-118.5135,3
32.598,-115.7906667,3
33.441,-118.2235,3
34.978,-119.2501667,3
34.9756667,-119.2153333,3
35.0195,-116.9268333,3
34.1683333,-117.7575,3
35.5598333,-118.4505,3
35.3618333,-118.4676667,3
35.7726667,-118.0231667,3
35.414,-118.7983333,3
35.3793333,-118.5705,3
35.37,-117.7821667,3
35.1203333,-118.5673333,3
35.4206667,-118.906,3
35.3475,-118.5438333,3
38.9016667,-119.9153333,3
35.1366667,-118.5385,3
35.083,-118.9736667,3
35.3348333,-118.884,3
35.125,-118.7703333,3
35.0193333,-119.0205,3
35.3373333,-118.641,3
35.0643333,-119.0501667,3
35.1278333,-118.7778333,3
35.5358333,-118.8391667,3
35.3603333,-118.6336667,3
35.3023333,-118.5955,3
35.2458333,-118.4363333,3
35.3901667,-118.4938333,3
35.03,-119.0935,3
35.3531667,-118.5118333,3
35.3658333,-118.5065,3
34.8328333,-118.882,3
35.0096667,-118.5568333,3
35.3085,-118.5605,3
35.332,-118.7426667,3
34.1526667,-117.4691667,3
35.1368333,-118.5268333,3
34.5573333,-116.4968333,3
35.3785,-118.5201667,3
35.0435,-118.7808333,3
32.887,-115.6848333,3
35.123,-118.7081667,3
35.2358333,-118.6323333,3
35.3883333,-118.6433333,3
35.5468333,-118.747,3
35.196,-118.2298333,3
35.268,-118.5733333,3
35.4038333,-118.549,3
35.41,-118.6238333,3
35.428,-118.1623333,3
35.5176667,-118.4013333,3
35.5071667,-118.6143333,3
35.4295,-118.5063333,3
34.9918333,-118.7075,3
35.0111667,-117.0076667,3
35.1713333,-118.6835,3
35.2791667,-118.6103333,3
35.0036667,-118.9386667,3
35.0078333,-118.822,3
34.0068333,-117.6046667,3
35.0125,-116.9681667,3
34.9066667,-118.8785,3
34.99,-119.031,3
36.1411667,-118.0588333,3
35.1645,-118.6505,3
35.2716667,-118.474,3
34.6408333,-116.3625,3
35.1735,-118.6145,3
34.7273333,-116.9506667,3
33.2375,-116.7333333,3
34.1983333,-116.5163333,3
35.3036667,-118.5486667,3
35.285,-118.5915,3
35.2971667,-118.594,3
35.3888333,-118.6423333,3
35.6286667,-118.4558333,3
35.0005,-119.1696667,3
34.7676667,-118.7318333,3
35.2736667,-118.5808333,3
35.2001667,-118.659,3
35.0746667,-118.3478333,3
34.9891667,-118.7523333,3
35.3606667,-118.845,3
35.0288333,-119.0775,3
34.8261667,-116.6148333,3
35.0133333,-118.7391667,3
35.1495,-118.68,3
35.1623333,-118.6746667,3
35.4375,-118.7576667,3
35.3611667,-118.551,3
34.1441667,-117.2951667,3
35.0138333,-118.6836667,3
35.3451667,-118.6071667,3
34.1123333,-117.3528333,3
34.0063333,-118.7931667,3
35.2515,-118.6378333,3
35.354,-118.4705,3
35.1805,-118.6511667,3
35.3896667,-118.6361667,3
35.3343333,-118.5638333,3
35.481,-118.7795,3
35.1966667,-118.623,3
34.2375,-117.1745,3
35.033,-118.823,3
35.243,-118.5766667,3
33.8316667,-119.4705,3
35.616,-118.5255,3
35.0506667,-118.9058333,3
35.102,-118.4188333,3
35.3725,-118.5341667,3
34.0521667,-116.601,3
36.0741667,-118.3278333,3
35.168,-118.301,3
34.9706667,-118.9203333,3
35.1648333,-118.7376667,3
35.0201667,-118.7816667,3
35.0768333,-118.5881667,3
35.6026667,-118.4708333,3
34.1601667,-116.9698333,3
35.3771667,-118.4756667,3
35.1156667,-119.0213333,3
35.3595,-118.6401667,3
35.2536667,-118.6136667,3
33.116,-116.4561667,3
35.0378333,-118.5103333,3
35.3581667,-118.492,3
35.0646667,-118.5721667,3
35.277,-118.4728333,3
34.3006667,-116.5273333,3
35.3113333,-118.6113333,3
33.9593333,-116.9603333,3
33.8598333,-119.0208333,3
35.3818333,-118.9781667,3
34.055,-116.6368333,3
34.158,-117.0133333,3
35.1206667,-118.8581667,3
35.2221667,-118.6203333,3
35.2283333,-118.5683333,3
35.3635,-118.5463333,3
35.4005,-118.695,3
34.1618333,-116.84,3
35.2001667,-118.3375,3
35.0538333,-119.174,3
35.3273333,-118.6091667,3
34.2633333,-117.0636667,3
35.3916667,-118.6353333,3
35.3973333,-117.8885,3
33.8753333,-117.3501667,3
35.14,-118.5413333,3
33.7945,-117.7168333,3
35.5151667,-118.3503333,3
35.1178333,-118.4026667,3
35.1323333,-118.6096667,3
35.3331667,-118.5313333,3
34.0475,-117.2508333,3
34.2588333,-117.5835,3
34.2425,-117.23,3
35.025,-118.8283333,3
35.3806667,-118.5008333,3
35.13,-118.55,3
34.036,-117.6516667,3
37.0115,-119.3133333,3
35.2165,-118.5413333,3
