36.988,-3.612,5
-3.552,-80.636,1
24.057,143.467,2
29.112,-113.024,3
12.185,58.0,4
38.956,101.217,2
-3.637,135.656,2
38.622,104.151,2
52.28,159.93,3
-48.691,164.903,2
11.541,-87.009,1
11.775,-86.818,1
-5.702,142.692,2
-6.624,105.447,2
-10.658,165.977,2
40.447,-125.711,3
-48.707,165.278,2
-4.495,153.275,2
39.228,22.162,5
36.274,1.594,5
-8.128,118.986,2
18.947,145.776,2
-3.507,141.53,2
-30.248,-177.371,3
51.514,-179.371,3
29.04,-112.833,3
12.835,124.079,2
-36.215,-97.363,1
-41.124,80.176,4
31.151,85.743,2
52.226,159.946,3
-48.57,165.057,2
27.179,130.673,2
-0.242,-18.669,0
46.463,153.384,3
39.378,-118.516,3
48.88,156.519,3
-10.969,166.046,2
49.314,-129.196,3
33.2985,-116.0805,3
5.682,-82.606,1
-56.047,147.498,2
51.809,159.73,3
27.71,-112.073,3
-3.408,139.399,2
60.651,-150.392,3
31.377,-116.923,3
40.776,132.047,2
-31.815,-71.775,1
50.0,157.417,3
51.359,175.708,3
-23.056,-115.247,1
52.058,158.222,3
16.77,-95.974,3
-0.88,-91.864,1
35.641,140.903,2
-41.233,-72.955,1
53.46,160.608,3
23.988,143.022,2
-19.632,176.415,3
51.442,157.748,3
40.864,143.522,2
-7.538,127.683,2
38.636,142.261,2
34.203,140.951,2
51.917,160.131,3
-8.981,123.668,2
27.672,91.605,2
0.503,-30.021,1
-15.665,-179.35,3
46.527,153.663,3
-7.235,155.945,2
10.676,57.167,4
-1.569,-15.202,0
-5.215,152.223,2
56.028,-154.249,3
-58.569,-142.451,0
39.42,-118.566,3
-3.242,150.462,2
49.563,158.08,3
-6.023,146.924,2
20.5,120.834,2
36.464,1.241,5
48.709,155.156,3
-30.348,-176.665,3
19.647,121.342,2
19.327,-155.241,3
-2.918,148.177,2
40.81,138.618,2
-15.23,-175.323,3
-30.415,-71.51,1
20.724,121.064,2
20.705,120.896,2
14.006,-90.403,1
-29.857,-176.867,3
31.9343333,-116.3126667,3
34.258,141.5,2
-20.114,-173.976,3
29.252,142.311,2
50.516,158.927,3
-54.006,5.939,0
15.475,119.317,2
22.86,125.661,2
8.271,-103.236,3
52.045,160.469,3
34.111,141.212,2
34.122,141.279,2
-12.917,166.657,2
-12.28,-14.023,0
41.826,142.857,2
11.89,-86.115,1
50.229,156.818,3
3.156,124.037,2
5.691,37.145,4
-3.471,29.097,4
55.323,162.097,3
40.029,24.481,5
-57.852,-66.066,0
43.554,147.81,2
21.475,121.647,2
-11.885,166.402,2
20.473,120.964,2
20.773,121.287,2
26.361,128.396,2
-1.937,120.402,2
42.454,142.747,2
-15.933,-172.572,3
-1.32,126.857,2
-10.736,165.735,2
38.912,142.028,2
52.496,159.778,3
52.429,160.332,3
31.6075,-116.1365,3
18.632,122.055,2
52.05,160.161,3
-16.997,35.718,4
37.332,72.415,5
11.734,-86.966,1
13.901,-91.011,1
51.733,160.457,3
-27.115,-176.641,3
41.215,142.444,2
-28.545,-177.323,3
32.918,134.346,2
9.944,92.859,2
4.237,95.062,2
51.24,160.077,3
-8.475,105.585,2
27.629,-111.11,3
29.256,130.336,2
39.242,-118.599,3
51.615,175.901,3
-1.297,-23.507,0
-2.728,127.408,2
7.106,126.432,2
28.169,83.825,2
20.968,121.305,2
-50.251,138.006,2
52.117,160.278,3
-14.942,-172.814,3
30.919,141.678,2
-18.766,170.012,2
35.394,-34.934,5
33.988,141.324,2
-30.81,-177.867,3
-16.603,174.008,3
39.218,21.986,5
19.207,121.263,2
43.074,147.276,2
-36.331,-101.334,1
36.531,141.302,2
39.813,-118.465,3
24.14,121.795,2
57.982,-32.811,5
15.278,-94.058,1
30.6101667,-116.9056667,3
37.381,72.365,5
45.104,90.991,2
38.051,20.601,5
46.811,154.021,3
19.279,-67.246,1
37.886,22.977,5
39.131,22.111,5
39.21,22.206,5
-6.327,105.122,2
0.09,-17.84,0
45.883,153.271,3
27.517,101.033,2
33.954,69.723,5
11.251,-43.616,1
51.426,161.018,3
38.735,143.25,2
32.1946667,-114.3516667,3
38.326,20.528,5
34.799,141.92,2
11.651,-86.622,1
34.348,141.144,2
27.081,-110.983,3
51.519,159.694,3
37.503,21.179,5
11.42,-43.688,1
40.619,16.008,5
71.249,-14.571,5
33.728,141.148,2
40.306,46.015,5
83.037,-6.764,5
37.735,27.141,5
46.359,7.258,5
70.661,-15.023,5
70.595,-15.61,5
33.2095,-116.0976667,3
34.9823333,-119.0613333,3
37.851,27.327,5
35.34,27.36,5
70.991,-13.014,5
46.359,7.367,5
71.389,-15.539,5
70.62,-15.334,5
70.483,-15.172,5
36.422,1.337,5
31.7188333,-114.0115,3
37.278,21.463,5
37.41,20.682,5
35.9,27.572,5
40.986,36.516,5
70.852,-14.854,5
70.555,-15.572,5
70.932,-14.623,5
32.2028333,-114.5545,3
70.759,-15.152,5
70.67,-15.159,5
41.932,19.847,5
31.0101667,-115.2378333,3
31.5608333,-116.1876667,3
31.6001667,-116.2115,3
34.9681667,-119.0023333,3
35.143,-118.5856667,3
33.2623333,-116.0353333,3
31.6,-116.2,3
33.3,-116.08,3
31.6258333,-115.7726667,3
33.87,-119.5406667,3
33.2463333,-116.0788333,3
31.6265,-116.3386667,3
31.7195,-116.2298333,3
35.0596667,-119.049,3
35.1976667,-118.8478333,3
31.5938333,-116.2301667,3
31.6841667,-116.2525,3
34.9296667,-119.0988333,3
39.1848333,-116.3828333,3
35.0365,-119.0866667,3
35.0446667,-119.082,3
31.6543333,-116.2236667,3
33.3,-116.08,3
33.3216667,-116.4478333,3
33.9995,-115.6406667,3
33.2515,-116.0845,3
31.6415,-116.243,3
33.2505,-116.1685,3
36.46,-121.4881667,3
32.6571667,-115.3766667,3
32.1996667,-115.657,3
31.658,-116.083,3
31.5931667,-116.1726667,3
31.6258333,-116.1816667,3
31.4895,-116.1943333,3
31.6993333,-116.112,3
31.6123333,-116.203,3
30.8468333,-116.1708333,3
34.562,-119.1835,3
33.3,-116.08,3
37.7651667,-118.3338333,3
31.6103333,-116.1678333,3
33.1883333,-116.0196667,3
33.2681667,-116.1988333,3
31.5921667,-116.2726667,3
35.8303333,-116.6946667,3
31.6373333,-116.2685,3
31.662,-116.3248333,3
31.7431667,-115.7398333,3
31.7373333,-115.941,3
31.3161667,-115.8511667,3
31.6248333,-116.257,3
36.4168333,-117.9061667,3
31.6376667,-116.1325,3
33.242,-116.097,3
33.1993333,-116.186,3
35.4375,-118.6625,3
31.633,-116.2288333,3
31.6951667,-116.1446667,3
32.0176667,-115.5623333,3
35.0536667,-119.1163333,3
34.0403333,-116.741,3
33.7085,-117.4883333,3
31.6238333,-116.2835,3
31.5403333,-116.2341667,3
32.2,-114.5,3
31.4135,-115.8385,3
31.4378333,-116.1063333,3
31.6833333,-116.1768333,3
33.2333333,-116.1343333,3
30.8898333,-116.1933333,3
31.1848333,-116.2325,3
32.023,-115.8815,3
31.4935,-116.3648333,3
31.619,-116.155,3
35.8725,-117.0621667,3
35.3438333,-118.8306667,3
38.8918333,-118.817,3
31.652,-116.1755,3
33.2508333,-115.9425,3
33.2078333,-115.9731667,3
31.5615,-116.2746667,3
31.5241667,-116.266,3
31.664,-116.2561667,3
33.257,-116.0386667,3
35.3753333,-118.5568333,3
33.2585,-116.0738333,3
33.246,-116.1031667,3
31.6258333,-116.2126667,3
33.2463333,-116.0998333,3
38.711,-116.3483333,3
31.678,-116.2101667,3
35.8751667,-120.5245,3
31.6666667,-116.2471667,3
35.3086667,-118.604,3
31.5861667,-116.225,3
34.9381667,-116.5176667,3
36.6765,-121.3561667,3
37.103,-120.5528333,3
37.6656667,-118.5013333,3
33.2423333,-116.1193333,3
35.2781667,-118.4858333,3
31.2195,-115.9105,3
33.2115,-115.9843333,3
31.5576667,-116.2551667,3
31.9888333,-115.6791667,3
31.9831667,-115.6563333,3
35.3061667,-118.598,3
35.5908333,-118.5096667,3
34.3183333,-121.0001667,3
31.622,-116.1623333,3
33.2123333,-116.048,3
33.6675,-120.2035,3
35.856,-116.9556667,3
33.3,-116.08,3
35.0308333,-118.8008333,3
37.5858333,-118.5065,3
35.0115,-119.0986667,3
33.2393333,-116.2051667,3
35.2748333,-118.8268333,3
35.3238333,-118.519,3
33.2705,-116.1145,3
33.1946667,-115.999,3
33.7693333,-118.6021667,3
31.8548333,-115.9573333,3
34.613,-120.3081667,3
32.1021667,-115.2615,3
33.2683333,-116.0651667,3
33.296,-116.0598333,3
32.0276667,-116.1138333,3
35.7636667,-121.4825,3
33.0598333,-116.1566667,3
31.3676667,-116.7551667,3
35.3188333,-118.5586667,3
33.2268333,-116.1718333,3
33.1673333,-115.9686667,3
35.445,-118.5856667,3
33.8766667,-119.0805,3
33.2295,-116.112,3
33.2591667,-116.1883333,3
35.1101667,-119.0628333,3
34.4106667,-120.891,3
36.9861667,-121.5795,3
35.3676667,-118.5731667,3
36.0128333,-120.9095,3
32.0768333,-115.3346667,3
32.1111667,-115.5513333,3
33.2958333,-116.1206667,3
33.2198333,-116.1021667,3
33.3895,-118.223,3
35.0391667,-119.0671667,3
33.2038333,-116.0603333,3
33.2356667,-116.0966667,3
33.2498333,-115.9971667,3
33.2598333,-116.1661667,3
35.0631667,-118.992,3
33.2165,-115.5903333,3
35.0306667,-118.7081667,3
34.9245,-118.9806667,3
33.3116667,-116.1658333,3
35.4356667,-118.7138333,3
35.0605,-119.091,3
33.2665,-116.1255,3
33.2695,-116.219,3
33.2483333,-115.979,3
35.386,-118.672,3
35.8193333,-117.6765,3
35.2808333,-118.5521667,3
33.2641667,-116.1265,3
33.2601667,-116.153,3
33.282,-115.976,3
35.1268333,-119.0065,3
35.4328333,-118.7233333,3
35.4023333,-118.5855,3
34.959,-119.059,3
37.5935,-118.5983333,3
33.2773333,-116.263,3
35.001,-119.1013333,3
33.1911667,-116.0778333,3
33.2086667,-119.0245,3
34.0045,-117.167,3
33.121,-115.924,3
35.3633333,-118.5346667,3
35.4158333,-118.4903333,3
35.0451667,-119.0686667,3
33.2611667,-116.1715,3
36.1198333,-117.9165,3
34.9696667,-119.1763333,3
34.0603333,-116.8248333,3
35.2248333,-118.6005,3
33.3,-116.08,3
34.9763333,-119.0515,3
36.1881667,-117.8786667,3
35.2016667,-118.6011667,3
33.2496667,-116.1546667,3
33.29,-116.067,3
36.0618333,-120.8796667,3
33.2378333,-116.1298333,3
33.2596667,-116.097,3
33.2273333,-116.1268333,3
33.2891667,-116.1753333,3
33.2736667,-116.1835,3
35.8553333,-117.735,3
33.2433333,-116.0563333,3
33.216,-116.0645,3
33.2573333,-116.1246667,3
33.128,-116.1255,3
35.0113333,-119.1241667,3
32.978,-115.5846667,3
33.29,-116.067,3
33.1946667,-116.0736667,3
33.2545,-116.104,3
33.2338333,-116.1113333,3
35.0648333,-119.0396667,3
33.177,-115.9946667,3
33.2353333,-116.0033333,3
33.1936667,-116.0251667,3
33.222,-116.1053333,3
33.394,-118.2266667,3
36.223,-120.4373333,3
35.3621667,-118.5315,3
35.1885,-118.9766667,3
34.2263333,-118.5938333,3
33.2455,-116.0521667,3
33.218,-115.9865,3
33.1195,-116.0163333,3
35.1533333,-120.8273333,3
35.3966667,-118.6546667,3
33.725,-117.4823333,3
35.3153333,-118.5383333,3
33.3226667,-116.1583333,3
33.2085,-116.1386667,3
33.217,-116.036,3
35.0898333,-118.8395,3
35.8931667,-116.8271667,3
34.9855,-119.0238333,3
35.0966667,-119.024,3
33.235,-116.0908333,3
33.1725,-116.1743333,3
33.2206667,-115.9848333,3
32.9208333,-115.9945,3
33.2475,-116.1501667,3
33.2023333,-116.1416667,3
33.054,-116.2598333,3
31.9711667,-117.9635,3
35.1173333,-118.6395,3
33.6805,-117.5726667,3
33.249,-116.0816667,3
33.2066667,-116.1208333,3
35.2681667,-118.5551667,3
33.1405,-116.3008333,3
33.225,-116.2023333,3
34.2681667,-120.483,3
34.2296667,-120.4601667,3
35.2141667,-118.5611667,3
36.4486667,-118.0221667,3
33.9658333,-117.191,3
35.013,-119.0921667,3
35.046,-119.1728333,3
32.8875,-115.5506667,3
33.2861667,-116.203,3
33.2171667,-116.059,3
33.2358333,-116.1116667,3
33.238,-115.9991667,3
33.2455,-115.9983333,3
33.2651667,-116.0656667,3
33.29,-116.067,3
33.2276667,-116.0453333,3
33.2318333,-116.1006667,3
35.1478333,-118.8255,3
33.1643333,-116.0655,3
34.9966667,-116.9261667,3
32.8965,-115.4766667,3
33.726,-116.0303333,3
35.442,-118.706,3
33.9615,-118.5716667,3
35.3713333,-118.4953333,3
32.2385,-118.5905,3
33.9373333,-116.9623333,3
35.024,-119.094,3
33.2383333,-116.0713333,3
33.274,-116.1541667,3
33.2206667,-116.1086667,3
35.3681667,-118.5428333,3
33.29,-116.067,3
35.0268333,-119.144,3
35.2811667,-118.5796667,3
35.3755,-118.5473333,3
35.7896667,-118.2488333,3
33.9556667,-116.4395,3
33.242,-116.059,3
32.471,-115.4058333,3
32.1656667,-117.4676667,3
35.3378333,-118.6403333,3
35.4076667,-118.6586667,3
37.5158333,-118.3865,3
37.6523333,-118.3123333,3
33.2261667,-116.2201667,3
34.2558333,-120.515,3
35.9563333,-119.8571667,3
33.2013333,-116.0475,3
33.2158333,-116.0981667,3
34.1315,-116.1015,3
34.9921667,-119.1256667,3
33.2688333,-116.121,3
35.7338333,-117.9866667,3
33.1808333,-116.0771667,3
33.241,-116.0716667,3
33.2416667,-116.092,3
33.2393333,-116.0086667,3
35.3455,-118.5071667,3
35.1055,-118.8445,3
35.3295,-118.5755,3
33.1985,-116.0733333,3
33.1998333,-116.0936667,3
35.0315,-119.0568333,3
35.0316667,-119.0445,3
37.4848333,-118.395,3
33.2355,-116.1078333,3
33.1963333,-116.1248333,3
33.2068333,-115.934,3
35.433,-118.5868333,3
33.2338333,-116.1871667,3
33.253,-116.0853333,3
33.946,-116.4326667,3
35.602,-118.4756667,3
33.2908333,-116.1533333,3
35.9578333,-117.7533333,3
35.3231667,-118.5806667,3
35.0365,-119.139,3
34.9521667,-119.0711667,3
35.4085,-119.232,3
35.0628333,-119.0251667,3
33.2313333,-116.1723333,3
34.0251667,-116.8375,3
34.9401667,-119.075,3
33.2656667,-116.1628333,3
35.1233333,-119.0413333,3
33.9843333,-116.4145,3
35.0771667,-119.0568333,3
34.9868333,-119.0875,3
33.055,-116.2446667,3
34.971,-119.0471667,3
33.2173333,-115.9868333,3
33.2271667,-116.026,3
33.93,-117.1311667,3
35.2976667,-118.58,3
35.0586667,-119.0233333,3
35.072,-118.9985,3
33.2105,-116.0506667,3
33.9268333,-117.4945,3
35.3641667,-118.6113333,3
34.3211667,-116.152,3
35.601,-118.3865,3
36.0316667,-116.8771667,3
35.3755,-118.538,3
33.7938333,-118.3268333,3
37.3356667,-117.976,3
35.014,-118.978,3
34.9656667,-119.1236667,3
35.44,-118.6821667,3
35.2885,-118.4701667,3
35.0031667,-119.0165,3
35.3313333,-118.6563333,3
33.2623333,-116.1335,3
33.2598333,-116.1343333,3
35.5473333,-118.4248333,3
35.3841667,-118.5241667,3
35.284,-118.4928333,3
35.0601667,-119.0603333,3
35.0558333,-119.0191667,3
35.3433333,-118.5716667,3
35.8585,-116.603,3
34.403,-116.4926667,3
35.3475,-118.539,3
35.2046667,-118.5888333,3
34.9076667,-119.0026667,3
35.3366667,-118.5431667,3
34.274,-116.4291667,3
35.3638333,-118.8315,3
35.0625,-119.0355,3
35.0758333,-119.0676667,3
33.1658333,-116.0315,3
35.8255,-117.6873333,3
35.1316667,-119.068,3
35.5246667,-118.8181667,3
34.6105,-120.2118333,3
32.8295,-117.8173333,3
35.3753333,-118.4988333,3
35.1011667,-119.026,3
35.105,-119.06,3
34.0388333,-117.2443333,3
35.373,-118.4526667,3
35.9295,-117.9595,3
33.1151667,-116.3481667,3
33.198,-116.0285,3
35.3035,-118.6051667,3
34.0065,-117.554,3
34.9085,-119.1153333,3
35.2285,-118.6475,3
36.2041667,-118.1501667,3
35.0531667,-118.3811667,3
36.9626667,-117.456,3
33.8673333,-118.4155,3
34.3116667,-116.8105,3
33.975,-116.6528333,3
35.2235,-118.6481667,3
33.7365,-117.4888333,3
35.197,-118.634,3
33.696,-116.7608333,3
35.0266667,-118.8615,3
35.0096667,-118.5208333,3
33.815,-118.6258333,3
34.0155,-116.6421667,3
33.2185,-116.0883333,3
35.333,-118.5446667,3
35.334,-118.5126667,3
35.0826667,-118.8448333,3
35.344,-118.5346667,3
35.3636667,-118.5656667,3
35.3368333,-118.5483333,3
33.4565,-116.4818333,3
35.312,-118.6926667,3
35.9458333,-116.9428333,3
34.9576667,-119.0575,3
33.1473333,-116.0061667,3
35.3003333,-118.616,3
34.8833333,-116.7988333,3
35.0795,-119.0938333,3
33.2643333,-116.0895,3
34.917,-118.9908333,3
35.2705,-118.5671667,3
33.1646667,-117.9663333,3
33.2383333,-116.1218333,3
35.0205,-119.1126667,3
35.3851667,-118.5738333,3
35.3178333,-118.5691667,3
35.3961667,-118.6443333,3
34.9873333,-119.1161667,3
35.0965,-119.0576667,3
33.679,-118.0605,3
35.1545,-118.6051667,3
35.053,-119.1025,3
33.2268333,-116.0531667,3
35.4068333,-118.673,3
35.3848333,-118.4995,3
35.292,-118.5901667,3
35.229,-118.6298333,3
35.0395,-119.1068333,3
33.718,-117.4983333,3
32.9966667,-116.6513333,3
33.4845,-116.5883333,3
35.0708333,-118.8095,3
35.5813333,-118.4526667,3
35.0568333,-119.0775,3
34.24,-117.0548333,3
35.3886667,-118.6113333,3
35.3555,-118.722,3
35.3938333,-118.4761667,3
33.2283333,-116.0191667,3
35.2148333,-118.5841667,3
35.3275,-118.575,3
35.0343333,-119.0745,3
35.0758333,-119.0663333,3
35.397,-118.5908333,3
35.3496667,-118.5701667,3
35.394,-118.5461667,3
35.334,-118.6193333,3
35.0788333,-119.0366667,3
35.3946667,-118.8388333,3
35.1203333,-118.7418333,3
35.3896667,-118.5666667,3
34.1973333,-117.3278333,3
35.059,-118.9745,3
35.1588333,-118.685,3
35.1023333,-119.0315,3
35.3823333,-118.4823333,3
36.1046667,-117.949,3
35.0475,-118.7008333,3
35.3831667,-118.5435,3
35.07,-118.897,3
35.4108333,-118.584,3
35.4383333,-118.6455,3
35.4355,-118.6328333,3
35.4695,-118.7041667,3
35.0801667,-118.998,3
35.9433333,-117.766,3
33.9941667,-117.5756667,3
35.2943333,-118.5696667,3
33.8523333,-118.2456667,3
35.4096667,-118.548,3
36.2265,-117.9748333,3
35.0745,-119.0043333,3
34.1446667,-116.6188333,3
33.8681667,-118.5536667,3
35.1356667,-119.0881667,3
34.0501667,-117.23,3
35.1336667,-118.649,3
35.0451667,-119.0976667,3
35.101,-118.7886667,3
35.2828333,-118.5891667,3
35.03,-118.9083333,3
35.1366667,-119.0191667,3
35.041,-118.7998333,3
35.1538333,-118.5415,3
35.3418333,-118.5815,3
35.4261667,-118.616,3
35.5983333,-117.554,3
35.1168333,-117.2531667,3
35.1981667,-118.6468333,3
35.2788333,-118.5078333,3
35.391,-118.4991667,3
35.3923333,-118.4991667,3
35.0538333,-119.0798333,3
35.1638333,-118.931,3
35.0423333,-119.0521667,3
33.9008333,-118.6696667,3
35.4243333,-118.6368333,3
35.13,-118.5883333,3
32.9911667,-118.81,3
35.1505,-118.7995,3
35.3576667,-118.591,3
35.305,-118.5818333,3
35.353,-118.5451667,3
35.2201667,-118.6433333,3
35.0676667,-119.0908333,3
34.9643333,-118.9695,3
35.3533333,-118.5656667,3
35.4623333,-118.7228333,3
35.0618333,-118.8205,3
33.9743333,-118.1395,3
35.8453333,-117.0336667,3
33.2216667,-116.1491667,3
35.3143333,-118.5951667,3
35.0221667,-119.142,3
35.3828333,-118.4826667,3
35.0846667,-118.4706667,3
35.32,-118.6228333,3
33.868,-116.3203333,3
35.029,-118.8911667,3
35.1353333,-118.8601667,3
35.3513333,-118.5408333,3
35.4156667,-118.5371667,3
35.0603333,-118.3998333,3
34.703,-117.1043333,3
34.1428333,-117.6571667,3
35.0931667,-118.9271667,3
35.3361667,-118.502,3
35.65,-118.4486667,3
35.3688333,-118.5098333,3
35.9461667,-117.7633333,3
33.9591667,-118.4756667,3
35.3856667,-118.4873333,3
35.2861667,-118.648,3
35.0646667,-119.0053333,3
35.4115,-118.5726667,3
35.1098333,-118.8428333,3
34.9776667,-118.9401667,3
35.1801667,-118.5611667,3
35.0415,-116.9128333,3
33.38,-117.9606667,3
33.8381667,-118.3183333,3
32.7808333,-117.9486667,3
32.9108333,-117.643,3
34.4513333,-116.9995,3
35.3103333,-118.5206667,3
35.0575,-119.0526667,3
33.6983333,-118.0005,3
34.136,-117.4646667,3
