36.033,-10.613,5
4.569,127.306,2
2.005,94.489,2
43.599,147.385,2
57.65,163.554,3
-22.797,178.82,3
-6.784,126.581,2
-14.849,167.345,2
43.313,147.647,2
-7.97,158.888,2
44.985,143.238,2
-3.201,118.904,2
32.15,131.938,2
-10.407,164.479,2
51.294,-179.831,3
38.31,119.572,2
1.138,126.181,2
4.738,127.374,2
-52.744,160.309,0
43.584,148.187,2
43.789,148.424,2
43.948,148.724,2
15.291,-45.741,1
-21.882,-179.498,3
38.515,28.546,5
38.502,134.555,2
25.035,-109.424,3
51.207,-179.222,3
-3.517,146.033,2
4.575,127.609,2
27.575,33.895,5
-6.069,129.569,2
43.731,148.109,2
-11.841,-75.051,1
51.279,-178.975,3
23.148,-107.988,3
27.793,60.043,5
28.783,128.435,2
-3.549,151.019,2
19.033,145.477,2
25.213,-109.188,3
36.043,29.221,5
-56.756,-26.865,0
4.192,128.186,2
-6.162,129.789,2
-7.221,120.792,2
49.376,155.44,3
-17.334,-72.303,1
43.573,147.848,2
60.146,-153.058,3
3.65,128.351,2
3.524,128.21,2
3.337,128.176,2
-4.193,135.504,2
1.339,-85.024,1
45.407,150.882,3
-5.639,125.331,2
44.14,148.242,2
43.305,147.885,2
47.941,153.68,3
35.794,137.063,2
-33.268,19.386,0
0.638,-84.982,1
23.041,94.636,2
-53.449,23.581,0
51.541,175.767,3
51.672,175.729,3
-10.441,164.67,2
8.654,137.854,2
-8.124,-79.943,1
-6.122,130.946,2
36.181,-10.54,5
4.031,128.112,2
36.394,70.746,5
11.875,41.208,4
-13.488,166.976,2
-26.724,-113.955,1
-30.576,-71.249,1
-16.695,-174.666,3
-32.083,-177.918,3
39.849,143.737,2
43.552,147.987,2
43.634,147.673,2
1.848,126.371,2
43.235,147.707,2
-8.81,157.882,2
1.684,-101.067,1
-31.66,-177.823,3
36.482,26.989,5
55.84,162.688,3
-0.717,121.631,2
41.389,79.307,5
8.697,127.217,2
39.237,28.714,5
11.886,41.341,4
11.884,41.338,4
39.854,143.647,2
-32.16,-177.984,3
34.414,25.169,5
-30.516,-178.118,3
-11.917,-75.132,1
-45.672,35.059,4
-5.316,153.708,2
-47.715,-15.654,0
43.301,147.692,2
43.518,147.672,2
43.999,147.853,2
21.665,143.05,2
43.11,148.292,2
-55.896,-123.21,0
43.54,147.78,2
36.902,-12.002,5
58.406,-32.168,5
18.729,-106.929,3
44.813,17.339,5
44.854,17.253,5
37.118,71.665,5
63.929,-21.954,5
-20.67,169.428,2
53.434,160.07,3
-56.096,-27.842,0
0.836,126.005,2
-17.048,-171.604,3
4.356,128.231,2
3.8,128.255,2
3.509,128.311,2
51.574,159.196,3
-5.589,147.23,2
38.542,142.886,2
31.296,-114.417,3
3.745,128.299,2
-13.558,166.773,2
39.893,143.35,2
-30.663,-71.569,1
-17.469,168.798,2
16.811,-61.24,1
11.734,125.876,2
11.793,125.786,2
-62.884,166.684,0
46.429,153.324,3
43.323,147.713,2
43.378,147.9,2
24.881,-109.117,3
-31.456,-177.59,3
46.57,153.629,3
-8.905,157.963,2
31.041,131.458,2
2.922,95.795,2
-60.925,-55.595,0
-11.842,-75.031,1
34.589,-121.428,3
51.064,-178.779,3
-27.837,-71.794,1
56.106,-153.864,3
-16.841,167.834,2
9.715,125.884,2
51.467,175.638,3
51.132,-179.306,3
28.92,130.667,2
54.899,166.054,3
-22.973,179.076,3
39.083,28.493,5
24.315,-110.154,3
39.599,143.616,2
-22.356,-177.506,3
-57.734,-25.372,0
13.443,123.149,2
16.465,147.287,2
52.17,158.845,3
-4.27,153.016,2
36.369,70.891,5
42.666,141.566,2
43.129,147.19,2
31.343,140.33,2
22.762,121.656,2
-18.746,169.423,2
51.297,-179.193,3
37.3141667,-116.4606667,3
-44.983,-80.485,1
-19.802,-177.609,3
36.128,70.085,5
-6.85,129.821,2
-7.967,158.999,2
4.254,128.102,2
40.028,27.572,5
-2.736,126.589,2
40.38,143.882,2
-15.621,-176.013,3
38.433,26.631,5
42.082,131.132,2
7.413,-82.111,1
-23.558,-174.819,3
40.405,143.794,2
-8.013,159.044,2
52.537,-167.919,3
51.486,-179.972,3
-55.791,147.116,2
-3.843,131.523,2
45.478,150.942,3
43.208,147.731,2
1.702,126.323,2
43.522,148.187,2
43.456,147.482,2
-5.409,152.071,2
43.261,147.55,2
43.875,148.5,2
43.664,148.139,2
43.13,148.011,2
-5.739,151.194,2
43.267,147.757,2
39.643,74.952,5
31.035,131.207,2
-7.195,128.747,2
43.335,147.772,2
-11.803,-74.942,1
15.041,120.018,2
34.609,-121.492,3
-16.167,-173.704,3
52.92,-168.327,3
-14.148,23.877,4
51.465,175.614,3
-6.321,130.418,2
9.252,126.46,2
3.882,128.371,2
-13.672,167.219,2
5.255,126.512,2
41.32,139.81,2
-4.103,135.64,2
12.78,-86.812,1
51.303,-179.068,3
31.205,-114.315,3
8.734,127.324,2
51.117,173.537,3
-49.191,30.286,0
36.825,139.853,2
17.747,80.775,2
-4.524,132.699,2
-57.655,-25.793,0
-7.889,158.92,2
11.513,-86.278,1
-2.174,-76.763,1
-5.405,109.603,2
49.209,158.499,3
18.265,-104.779,3
-11.8,166.543,2
21.661,111.803,2
59.266,-145.401,3
30.786,132.423,2
52.86,-170.052,3
44.007,148.413,2
43.279,147.769,2
43.232,146.794,2
-27.786,-66.573,1
43.78,147.456,2
43.757,147.485,2
-8.887,157.762,2
43.144,147.648,2
6.031,125.36,2
-60.793,-19.785,0
-33.016,-177.933,3
-4.772,152.593,2
-18.167,-71.411,1
-16.298,167.586,2
56.404,-153.565,3
-15.961,-177.862,3
36.306,101.772,2
56.331,-153.996,3
57.489,-151.445,3
51.096,-179.392,3
11.823,143.419,2
55.901,162.962,3
-15.426,-174.909,3
44.047,150.906,3
10.324,56.977,4
54.435,169.37,3
-6.006,113.079,2
14.092,-91.058,1
12.705,58.403,4
0.777,119.99,2
36.4,140.736,2
34.556,70.826,5
-8.897,158.725,2
-31.886,-178.696,3
28.198,129.969,2
53.089,-162.506,3
2.097,126.65,2
-18.499,-63.472,1
2.905,124.813,2
37.36,141.669,2
2.6,126.532,2
-11.651,165.192,2
-14.816,167.378,2
24.125,123.212,2
45.336,151.626,3
-5.211,154.109,2
43.666,147.804,2
43.768,148.186,2
42.858,146.821,2
43.097,147.648,2
24.679,-109.222,3
-15.333,-173.165,3
28.779,143.83,2
26.158,128.525,2
39.637,74.781,5
-3.082,141.973,2
43.686,147.207,2
39.691,20.593,5
52.474,173.413,3
17.358,-95.198,3
52.324,-168.696,3
43.923,147.919,2
45.513,151.004,3
-5.765,151.541,2
37.2315,-116.4736667,3
37.14,57.899,5
76.481,131.227,5
53.179,-160.38,3
-5.894,146.745,2
51.102,-179.142,3
51.827,175.366,3
45.532,151.738,3
27.069,127.327,2
4.876,-32.684,1
33.2591667,-116.361,3
37.6448333,-115.54,3
37.1433333,-116.0638333,3
37.2828333,-116.5006667,3
37.2566667,-116.4406667,3
31.4361667,-116.3013333,3
33.3363333,-119.1613333,3
33.8915,-116.0493333,3
37.0903333,-116.0056667,3
37.7518333,-118.8175,3
33.343,-119.1331667,3
33.0383333,-115.8376667,3
37.2091667,-116.2253333,3
33.4605,-119.1321667,3
48.5498333,-121.51,3
37.0311667,-116.002,3
34.4126667,-121.572,3
33.3593333,-116.178,3
37.0751667,-115.9953333,3
37.0553333,-116.0291667,3
32.9301667,-116.2803333,3
37.169,-116.2106667,3
33.5258333,-117.8001667,3
37.3433333,-116.5658333,3
34.4933333,-121.581,3
34.5533333,-118.1208333,3
37.1193333,-116.0551667,3
37.4368333,-116.2855,3
34.3123333,-117.5561667,3
46.7658333,-121.716,3
36.8771667,-115.9285,3
37.4823333,-116.1296667,3
36.7893333,-121.6978333,3
37.1215,-116.1276667,3
37.1353333,-116.1358333,3
37.1331667,-116.0866667,3
48.9398333,-123.0698333,3
37.1188333,-116.0783333,3
36.9676667,-115.8783333,3
34.1808333,-121.708,3
37.0088333,-116.0303333,3
33.8875,-115.7816667,3
36.3958333,-121.085,3
34.6153333,-121.5098333,3
37.2766667,-116.4476667,3
37.022,-116.0301667,3
38.044,-114.412,3
34.704,-121.4635,3
37.7908333,-116.0495,3
34.6176667,-121.4923333,3
37.0376667,-115.9261667,3
37.8178333,-115.9911667,3
31.279,-115.6311667,3
34.3133333,-120.9273333,3
37.7376667,-115.9148333,3
37.2531667,-115.8173333,3
33.016,-116.2401667,3
34.5231667,-121.5221667,3
37.795,-115.6936667,3
37.1601667,-116.0636667,3
33.3606667,-119.1613333,3
37.2076667,-115.9855,3
37.5771667,-116.146,3
37.8296667,-116.2278333,3
37.1725,-116.4278333,3
32.2233333,-115.2016667,3
37.2568333,-115.7868333,3
37.4371667,-115.7608333,3
37.3158333,-116.3486667,3
37.1478333,-116.0656667,3
37.8186667,-116.1496667,3
47.8898333,-121.8098333,3
37.3936667,-116.3683333,3
37.2548333,-116.3538333,3
37.3005,-116.2625,3
37.2103333,-116.403,3
31.4978333,-115.2765,3
34.6333333,-121.49,3
33.3573333,-119.1211667,3
33.2248333,-115.9556667,3
36.9853333,-116.015,3
32.7603333,-115.444,3
37.1483333,-116.0343333,3
34.6665,-121.4913333,3
34.5665,-121.7658333,3
37.2505,-116.2151667,3
37.1545,-116.0006667,3
32.0491667,-116.106,3
33.3373333,-119.1315,3
33.2,-116.0493333,3
37.2425,-116.0278333,3
34.0348333,-120.7878333,3
32.309,-115.8016667,3
37.2116667,-116.424,3
37.2193333,-116.473,3
37.5136667,-118.2206667,3
35.032,-121.7203333,3
34.5591667,-121.4801667,3
34.569,-121.5336667,3
37.2285,-116.4415,3
37.2706667,-117.9735,3
35.2621667,-121.4028333,3
37.1666667,-116.284,3
32.9343333,-115.5606667,3
32.2411667,-115.7686667,3
35.2251667,-121.1888333,3
37.753,-116.0181667,3
31.087,-116.8246667,3
37.2225,-116.4075,3
37.6305,-118.6715,3
33.9396667,-118.7091667,3
34.4693333,-121.7088333,3
37.675,-116.1258333,3
35.1021667,-116.5868333,3
34.1851667,-119.7611667,3
37.3373333,-117.8488333,3
37.3296667,-116.4348333,3
34.7043333,-121.2928333,3
37.1115,-116.444,3
34.4878333,-121.4506667,3
33.6423333,-115.9676667,3
33.2263333,-116.0783333,3
47.3391667,-122.072,3
46.6213333,-118.916,3
36.1111667,-119.5455,3
34.6841667,-121.4448333,3
36.9955,-116.6443333,3
35.36,-119.4283333,3
37.0,-116.0,3
34.2215,-116.2851667,3
37.1646667,-116.0748333,3
35.0495,-118.988,3
32.1041667,-115.655,3
35.1045,-116.6018333,3
32.0936667,-115.6646667,3
33.8736667,-116.0275,3
35.9491667,-120.3013333,3
33.293,-116.2478333,3
34.8228333,-121.4751667,3
31.874,-115.912,3
33.5808333,-118.2925,3
32.0845,-115.6718333,3
32.0788333,-115.6685,3
32.0346667,-115.9811667,3
34.797,-121.7,3
34.3395,-117.5795,3
34.7048333,-121.478,3
47.4,-122.6998333,3
37.3475,-116.313,3
31.7831667,-115.6706667,3
32.4618333,-115.5195,3
32.6095,-115.4813333,3
32.5698333,-115.471,3
32.9461667,-116.221,3
33.1003333,-115.8915,3
34.8243333,-117.8833333,3
32.0838333,-115.6271667,3
34.5601667,-121.5715,3
34.7533333,-121.387,3
34.0196667,-116.8716667,3
35.367,-118.529,3
34.1091667,-117.7733333,3
37.1513333,-116.3716667,3
35.7756667,-117.6476667,3
34.268,-116.7901667,3
36.261,-118.3123333,3
34.5458333,-121.5035,3
34.6861667,-121.3566667,3
32.9,-116.2498333,3
35.4533333,-119.1556667,3
37.3395,-118.2608333,3
33.851,-115.8068333,3
31.488,-116.1608333,3
32.2218333,-115.7556667,3
34.5306667,-121.5978333,3
34.6553333,-121.2128333,3
37.3768333,-116.2493333,3
34.8216667,-121.3316667,3
36.0148333,-120.4791667,3
31.4463333,-116.4416667,3
48.7998333,-122.0998333,3
31.3573333,-116.974,3
31.6693333,-116.2153333,3
36.3045,-118.3408333,3
34.6933333,-121.5316667,3
35.0981667,-116.535,3
33.3353333,-119.1171667,3
33.3616667,-119.1415,3
32.0843333,-116.1543333,3
37.2528333,-115.639,3
34.9028333,-121.1748333,3
33.3321667,-119.1843333,3
37.5668333,-118.6181667,3
34.1956667,-117.3343333,3
33.3308333,-116.2351667,3
32.3213333,-118.2951667,3
34.806,-121.339,3
34.3196667,-120.833,3
34.6343333,-121.5328333,3
34.5125,-121.371,3
32.2245,-115.7581667,3
36.2966667,-118.3438333,3
34.8271667,-121.332,3
34.1515,-117.3488333,3
36.1576667,-120.0051667,3
34.6458333,-121.477,3
33.667,-116.7628333,3
35.1203333,-118.8005,3
34.8655,-121.453,3
35.1536667,-118.9006667,3
47.8251667,-118.2236667,3
34.2566667,-115.8111667,3
47.6081667,-119.5585,3
34.7785,-121.6458333,3
31.9285,-115.7783333,3
36.0703333,-117.8758333,3
32.4916667,-116.2011667,3
33.0171667,-116.255,3
31.9696667,-117.289,3
34.1121667,-117.793,3
35.0653333,-121.0841667,3
34.575,-120.8283333,3
35.2923333,-119.3391667,3
31.9823333,-115.9518333,3
36.2751667,-118.3433333,3
34.9213333,-121.4618333,3
33.3958333,-119.1375,3
36.0095,-120.7833333,3
33.9891667,-116.2458333,3
32.863,-115.5446667,3
33.0185,-115.5723333,3
35.6938333,-117.6601667,3
32.6728333,-118.2923333,3
35.1605,-121.5798333,3
34.9101667,-120.8981667,3
34.2735,-119.8421667,3
36.011,-120.0895,3
36.2185,-118.322,3
34.0025,-119.1436667,3
35.337,-116.0465,3
33.262,-116.257,3
32.6576667,-118.2978333,3
36.3053333,-118.3541667,3
36.293,-118.4016667,3
33.3401667,-119.063,3
34.7481667,-121.2231667,3
34.0591667,-116.9886667,3
48.0998333,-121.0,3
34.0953333,-119.1461667,3
31.9018333,-116.0158333,3
36.1843333,-118.2981667,3
34.8033333,-121.4653333,3
33.3538333,-119.1306667,3
47.1948333,-118.1498333,3
32.144,-115.6806667,3
33.596,-120.1975,3
36.2525,-118.3493333,3
34.981,-120.5476667,3
31.5198333,-115.7508333,3
32.1603333,-115.6871667,3
35.2315,-119.3043333,3
32.7563333,-116.3315,3
33.1651667,-116.0473333,3
34.7938333,-121.4715,3
34.7303333,-121.4078333,3
34.1395,-117.4246667,3
36.2775,-118.331,3
34.693,-121.0523333,3
32.9878333,-116.2673333,3
33.3405,-119.1101667,3
34.2755,-118.7925,3
34.2495,-115.8668333,3
36.5105,-120.5628333,3
34.4255,-121.2236667,3
33.952,-116.722,3
33.4185,-119.0921667,3
34.286,-121.6,3
34.7898333,-121.259,3
32.5856667,-115.755,3
33.3771667,-119.1325,3
32.9415,-115.5483333,3
34.1221667,-119.6856667,3
35.1196667,-116.5558333,3
35.0833333,-116.611,3
31.9746667,-117.0218333,3
34.0418333,-117.2915,3
33.3343333,-119.0511667,3
33.1565,-116.1371667,3
34.007,-116.3275,3
35.3508333,-118.5578333,3
47.3458333,-117.3956667,3
32.1478333,-114.9906667,3
47.706,-119.8953333,3
35.0501667,-120.3406667,3
37.1826667,-116.44,3
32.0608333,-116.158,3
33.9281667,-118.2131667,3
35.6543333,-117.594,3
33.506,-116.7326667,3
33.4225,-116.5001667,3
36.2631667,-118.3451667,3
35.9278333,-120.7383333,3
37.7695,-117.7793333,3
32.1193333,-115.6675,3
34.2135,-115.8913333,3
33.0045,-116.2428333,3
31.7805,-115.9416667,3
32.5633333,-115.8321667,3
33.4821667,-116.7411667,3
34.5266667,-116.4558333,3
33.038,-116.2748333,3
32.6801667,-117.9153333,3
36.2818333,-118.3328333,3
34.7578333,-121.2855,3
35.1775,-118.6011667,3
32.923,-115.594,3
32.9058333,-117.5528333,3
31.5646667,-115.7196667,3
36.1066667,-118.3073333,3
32.1896667,-115.7518333,3
32.4641667,-115.3125,3
33.847,-116.0061667,3
32.6655,-115.7481667,3
32.8701667,-115.8393333,3
33.3241667,-119.1398333,3
36.2371667,-118.3285,3
33.4043333,-119.1285,3
33.8518333,-116.0051667,3
33.731,-117.1378333,3
33.481,-116.5435,3
33.9048333,-115.5231667,3
34.3923333,-116.4805,3
33.3381667,-116.2591667,3
34.7035,-121.4245,3
33.3845,-119.1346667,3
33.2765,-116.2853333,3
32.2465,-115.745,3
31.7831667,-115.9688333,3
34.0045,-116.737,3
33.8503333,-115.9983333,3
32.3048333,-115.781,3
47.6741667,-119.7613333,3
32.216,-115.4335,3
35.172,-116.4993333,3
47.768,-119.44,3
36.0203333,-118.1011667,3
48.5998333,-121.6998333,3
33.2846667,-119.1536667,3
36.0991667,-117.8253333,3
32.2855,-115.0988333,3
33.0031667,-115.8306667,3
34.2376667,-115.9151667,3
34.5328333,-116.4603333,3
33.3556667,-116.3583333,3
37.2341667,-116.2731667,3
34.0176667,-116.4731667,3
35.3456667,-117.957,3
32.9901667,-115.7863333,3
35.0325,-116.9651667,3
33.8766667,-116.559,3
33.506,-116.7786667,3
34.5181667,-116.4768333,3
34.4666667,-114.9736667,3
34.3095,-117.1291667,3
34.7123333,-121.3445,3
32.8465,-115.4525,3
34.5235,-116.4933333,3
33.4948333,-116.6201667,3
33.77,-116.923,3
34.2088333,-115.8078333,3
35.755,-118.0651667,3
36.3,-118.35,3
33.3831667,-119.2035,3
36.151,-117.992,3
33.3165,-119.1765,3
32.2776667,-115.581,3
36.2813333,-118.6103333,3
33.026,-115.8888333,3
33.8726667,-116.0428333,3
35.394,-118.5778333,3
35.2293333,-117.1486667,3
33.1536667,-116.096,3
32.8166667,-115.524,3
32.2938333,-115.5998333,3
33.3996667,-119.1366667,3
33.2595,-119.1923333,3
35.0666667,-118.9291667,3
32.178,-114.9315,3
36.244,-118.3806667,3
32.9068333,-115.5088333,3
33.9916667,-116.8643333,3
32.256,-114.9666667,3
48.1145,-119.1341667,3
34.2208333,-119.6725,3
32.6838333,-115.4983333,3
32.932,-115.5516667,3
48.7,-122.9,3
46.8551667,-120.449,3
35.3288333,-118.5045,3
35.0788333,-118.8433333,3
33.4011667,-116.41,3
35.148,-116.6355,3
33.6615,-116.025,3
34.2123333,-116.0593333,3
35.8528333,-118.0475,3
33.2293333,-115.696,3
32.697,-118.2596667,3
36.2648333,-118.3691667,3
37.3046667,-116.138,3
33.1903333,-116.0296667,3
33.3316667,-116.781,3
34.2716667,-118.4805,3
33.6146667,-116.8803333,3
33.2566667,-115.9463333,3
37.7188333,-118.85,3
34.9,-119.3365,3
33.7608333,-116.0933333,3
32.781,-115.5108333,3
33.9606667,-116.4475,3
33.028,-116.2368333,3
35.9663333,-120.1426667,3
36.2961667,-118.341,3
35.393,-118.6736667,3
34.5433333,-116.4861667,3
33.2015,-116.026,3
32.954,-115.4873333,3
36.0936667,-118.3088333,3
33.0246667,-116.2615,3
33.0036667,-115.842,3
34.28,-119.823,3
33.9808333,-116.8411667,3
32.9901667,-116.001,3
34.1385,-117.2631667,3
33.9411667,-118.2838333,3
36.2716667,-118.4373333,3
35.3216667,-118.569,3
35.4818333,-118.655,3
35.6275,-118.4181667,3
35.339,-118.5893333,3
32.818,-117.8778333,3
32.7206667,-115.452,3
35.1353333,-118.6818333,3
32.9646667,-116.2776667,3
35.9241667,-117.2703333,3
35.8703333,-117.5853333,3
32.9765,-115.8263333,3
33.0,-115.8371667,3
32.9706667,-115.846,3
45.8975,-119.7035,3
48.036,-119.2183333,3
35.3615,-118.4741667,3
47.7573333,-119.5271667,3
47.7621667,-119.4675,3
48.7998333,-122.5998333,3
46.619,-118.0201667,3
34.367,-121.2916667,3
33.0138333,-116.252,3
32.1988333,-115.8281667,3
35.4088333,-118.6653333,3
32.09,-115.652,3
32.2515,-115.58,3
35.3848333,-118.5151667,3
32.0206667,-116.1911667,3
34.008,-116.631,3
33.9626667,-118.7248333,3
34.2121667,-115.9088333,3
36.5225,-120.4621667,3
32.9428333,-116.2706667,3
35.4911667,-120.1255,3
33.4848333,-116.6078333,3
34.9346667,-116.6535,3
34.662,-120.9051667,3
35.4571667,-117.6493333,3
36.2611667,-118.3356667,3
33.2913333,-118.3438333,3
32.9935,-115.8225,3
32.9966667,-116.028,3
32.957,-115.5166667,3
34.1595,-119.022,3
34.3343333,-117.1135,3
34.2433333,-115.9851667,3
34.2658333,-115.9553333,3
33.9395,-116.048,3
35.6225,-116.6775,3
33.8331667,-117.7253333,3
35.1965,-117.107,3
31.929,-116.9491667,3
33.3033333,-118.8561667,3
35.3341667,-118.5473333,3
35.7975,-117.6685,3
32.8606667,-115.494,3
34.192,-117.7111667,3
35.7485,-117.6786667,3
32.6108333,-115.7256667,3
34.2553333,-119.6501667,3
35.503,-119.2055,3
35.598,-120.083,3
34.0673333,-117.524,3
32.8945,-115.6265,3
35.213,-118.9243333,3
48.7998333,-119.8,3
46.7436667,-117.804,3
34.3478333,-118.3935,3
35.0945,-117.1378333,3
35.1465,-116.4701667,3
46.3841667,-120.9496667,3
32.0433333,-116.1083333,3
46.8648333,-120.4425,3
32.9745,-115.8123333,3
34.2618333,-117.0566667,3
33.7493333,-116.0766667,3
36.2511667,-118.3648333,3
35.5536667,-118.2981667,3
33.9315,-116.7911667,3
35.4115,-118.683,3
33.7088333,-116.0756667,3
33.8461667,-115.5283333,3
36.2555,-118.3378333,3
34.1835,-115.9306667,3
33.3061667,-116.2988333,3
31.6578333,-116.0045,3
35.75,-118.5906667,3
34.229,-119.5685,3
36.2015,-118.3318333,3
36.2596667,-118.326,3
35.7331667,-118.092,3
35.4031667,-118.664,3
36.6331667,-120.6511667,3
35.5581667,-118.3006667,3
35.3766667,-118.567,3
36.173,-118.3273333,3
36.1121667,-117.9331667,3
33.5583333,-119.203,3
35.7815,-118.4981667,3
33.3198333,-116.2161667,3
36.1415,-118.0356667,3
35.824,-117.6165,3
36.1085,-118.3075,3
35.8161667,-117.6535,3
34.56,-116.6451667,3
35.8513333,-117.6325,3
35.178,-118.4613333,3
32.0391667,-116.0975,3
33.7088333,-116.7033333,3
33.0401667,-115.4926667,3
48.0,-120.0,3
35.061,-117.6871667,3
47.2241667,-119.6805,3
34.2781667,-116.0966667,3
46.4185,-119.2845,3
46.5908333,-118.1241667,3
48.8,-118.5,3
46.257,-118.3616667,3
47.5725,-118.1645,3
46.8315,-120.416,3
46.8335,-120.4086667,3
46.8485,-120.4016667,3
33.8868333,-118.4686667,3
34.2128333,-115.9145,3
35.045,-118.3905,3
33.6166667,-116.895,3
34.2596667,-115.9036667,3
34.2676667,-117.1868333,3
36.088,-118.3315,3
34.9363333,-119.0085,3
36.2518333,-118.6493333,3
34.1445,-117.562,3
33.4468333,-116.4555,3
35.3681667,-118.4936667,3
36.1416667,-118.2976667,3
32.7971667,-115.4446667,3
32.9665,-115.8461667,3
33.8488333,-116.9938333,3
33.962,-117.2445,3
34.1738333,-115.89,3
33.2436667,-115.9703333,3
35.0705,-117.312,3
32.9175,-115.8276667,3
36.2611667,-118.3665,3
36.2616667,-118.3645,3
36.2731667,-118.0231667,3
33.9461667,-117.2513333,3
32.8466667,-117.6358333,3
36.2576667,-118.3408333,3
36.1271667,-118.2698333,3
34.4318333,-118.3351667,3
32.4255,-115.4965,3
33.243,-115.9486667,3
35.7435,-117.648,3
33.0641667,-115.9781667,3
34.2763333,-119.752,3
33.997,-117.2536667,3
36.128,-118.351,3
36.1936667,-118.5518333,3
35.8396667,-117.656,3
32.9923333,-115.7913333,3
36.2405,-118.3678333,3
35.226,-116.572,3
36.2273333,-118.2893333,3
33.0031667,-115.901,3
35.1598333,-118.4056667,3
32.9725,-115.5401667,3
34.0161667,-116.9331667,3
34.0078333,-117.4941667,3
34.3385,-118.4276667,3
33.0068333,-116.26,3
33.4435,-116.3743333,3
36.2533333,-118.3265,3
36.0906667,-118.3131667,3
34.3196667,-118.6436667,3
48.0155,-119.0733333,3
48.1485,-118.924,3
46.7188333,-117.8661667,3
48.5,-119.0,3
48.0503333,-118.8258333,3
46.83,-119.5933333,3
35.8478333,-117.6478333,3
46.7838333,-120.3918333,3
47.686,-120.2715,3
32.9785,-115.5575,3
49.0,-121.3,3
46.4291667,-119.2916667,3
46.5683333,-118.4363333,3
34.0908333,-117.4405,3
36.266,-118.4041667,3
36.2625,-118.3481667,3
46.9568333,-118.4806667,3
48.7998333,-121.6998333,3
46.8926667,-120.5155,3
46.8135,-120.4243333,3
32.9233333,-115.8516667,3
