51.251,178.715,3
-2.608,125.952,2
52.99,-167.739,3
-14.921,167.34,2
50.282,177.959,3
-15.861,167.092,2
36.405,70.724,5
-32.522,-71.233,1
-15.871,166.96,2
16.081,-95.867,3
51.443,179.605,3
-56.046,157.922,0
44.578,148.699,3
-15.449,166.98,2
-16.198,167.607,2
-25.633,-70.679,1
44.608,149.022,3
58.09,-152.525,3
-15.685,167.097,2
-15.817,167.399,2
38.365,22.405,5
51.05,-171.289,3
-5.36,152.116,2
36.27,141.361,2
49.937,178.166,3
-22.103,-179.713,3
-13.405,166.629,2
-5.514,151.819,2
47.288,-122.406,3
22.336,121.248,2
-5.714,128.493,2
-18.954,-68.82,1
28.952,128.227,2
44.12,145.389,2
-9.031,-71.139,1
-54.035,-1.974,0
52.773,171.974,3
-15.262,-173.254,3
-17.857,-178.646,3
56.543,-152.948,3
60.281,-141.418,3
-5.213,151.701,2
-1.443,-77.476,1
-28.278,-177.999,3
43.745,87.843,2
-18.855,-177.721,3
-6.193,130.402,2
52.975,171.091,3
53.008,-162.008,3
40.697,143.032,2
40.687,142.915,2
30.628,140.23,2
-14.987,66.698,4
-27.403,-63.228,1
40.41,139.128,2
52.438,174.321,3
53.191,-161.859,3
53.046,171.308,3
-20.036,-175.89,3
-1.547,126.623,2
-13.409,170.376,2
7.175,123.613,2
38.384,22.545,5
-4.408,155.062,2
-6.416,70.726,4
36.395,141.46,2
-1.28,127.725,2
-20.579,-173.972,3
52.184,175.505,3
-5.461,151.98,2
51.884,173.072,3
-31.974,-71.573,1
-15.382,-173.194,3
-0.463,120.039,2
35.047,24.318,5
41.801,79.414,5
-21.025,173.574,2
-16.801,167.602,2
-0.53,-19.951,0
-15.945,166.999,2
6.47,-84.408,1
-5.349,152.955,2
-19.921,174.48,2
-22.126,-113.928,1
2.983,124.831,2
-45.847,-72.958,0
-5.34,151.219,2
-51.84,139.741,2
39.197,23.86,5
37.505,22.067,5
52.192,173.437,3
-59.687,-26.454,0
-59.586,-26.372,0
21.045,120.798,2
35.626,23.425,5
-6.174,130.358,2
-21.126,-178.537,3
41.705,143.727,2
-63.159,-163.707,0
-15.995,166.96,2
4.872,95.836,2
-22.887,-176.194,3
-6.209,151.651,2
-36.448,-97.6,1
59.28,-144.06,3
52.366,174.254,3
-22.457,-113.788,1
-0.224,-18.645,0
19.246,145.616,2
-13.309,166.212,2
-56.452,-27.043,0
37.523,73.251,5
51.639,175.055,3
51.738,174.566,3
52.815,171.904,3
28.133,-112.208,3
-29.998,-177.968,3
52.785,171.821,3
-1.887,119.836,2
-32.707,-178.207,3
64.572,-160.375,3
34.848,138.332,2
24.409,142.776,2
-6.822,129.504,2
-5.548,110.332,2
52.149,175.119,3
-55.957,-27.875,0
-5.01,153.06,2
7.74,123.811,2
-15.741,167.26,2
-6.38,148.543,2
-15.819,166.794,2
40.459,26.206,5
7.156,126.522,2
8.188,126.874,2
-60.468,-24.551,0
30.887,-41.479,1
53.909,160.579,3
34.652,139.345,2
28.074,56.981,5
-4.45,152.947,2
12.898,125.377,2
27.357,87.867,2
-6.807,108.988,2
51.037,177.848,3
51.73,173.975,3
55.223,165.426,3
3.026,125.951,2
-7.251,126.715,2
-5.377,152.115,2
-20.502,-173.701,3
9.986,125.896,2
-42.692,174.205,2
41.46,-127.416,3
13.683,-89.07,1
5.268,125.467,2
13.174,124.604,2
-7.566,128.578,2
15.674,-46.712,1
-20.38,-68.944,1
37.718,29.378,5
-38.08,177.442,2
32.052,87.784,2
28.134,55.891,5
23.764,121.56,2
22.338,101.496,2
-9.72,159.888,2
-32.441,-178.803,3
-15.931,167.392,2
46.515,153.387,3
55.338,165.731,3
36.245,141.53,2
20.682,99.326,2
-5.391,151.631,2
49.426,156.417,3
-42.969,-75.225,1
12.347,114.485,2
4.203,125.787,2
-3.144,143.789,2
6.553,126.903,2
51.361,-179.716,3
36.096,27.318,5
53.646,-165.667,3
-6.91,150.685,2
20.111,121.9,2
51.905,156.785,3
1.863,127.352,2
-59.076,-23.557,0
11.938,126.427,2
-24.563,178.487,3
51.626,175.746,3
52.99,170.874,3
51.536,175.045,3
13.245,-44.922,1
51.447,176.469,3
51.294,179.092,3
52.188,172.752,3
51.009,179.325,3
51.415,179.358,3
-15.343,-172.889,3
38.399,28.226,5
-27.027,-63.214,1
20.13,121.461,2
22.635,121.117,2
55.26,161.904,3
15.8,-98.067,3
11.451,140.231,2
1.333,-85.075,1
28.927,128.769,2
-32.537,-70.569,1
-4.131,134.946,2
51.227,178.882,3
7.034,126.25,2
-1.734,126.53,2
-22.567,172.939,2
-15.67,167.216,2
-15.97,167.439,2
-15.185,166.67,2
15.837,-96.235,3
-16.931,167.454,2
-34.596,179.922,2
8.382,126.895,2
36.269,141.533,2
-54.757,-38.244,0
-59.225,-25.091,0
-7.225,129.12,2
-8.666,111.103,2
-9.611,159.797,2
-4.841,103.103,2
86.681,69.901,5
52.528,172.007,3
51.775,173.058,3
52.611,172.588,3
51.831,174.368,3
51.812,174.206,3
51.762,174.841,3
51.946,173.84,3
51.744,175.213,3
52.057,174.116,3
51.258,173.393,3
52.031,175.411,3
38.908,142.095,2
51.694,176.446,3
21.104,121.218,2
52.204,173.911,3
-5.487,146.993,2
53.292,-162.331,3
-55.857,-26.758,0
8.418,126.553,2
51.865,175.172,3
44.812,150.871,3
36.083,139.968,2
-20.455,-173.621,3
-26.168,178.628,3
-1.733,126.568,2
-24.281,-67.927,1
-3.523,137.924,2
1.309,126.239,2
-23.54,-179.917,3
44.299,149.032,3
43.775,149.448,3
43.804,149.351,3
-54.437,4.965,0
51.813,176.53,3
-6.819,105.505,2
-28.428,-68.25,1
7.56,124.247,2
51.472,175.894,3
50.799,-171.607,3
-7.526,-81.179,1
-11.385,166.332,2
44.453,149.06,3
-6.428,104.667,2
57.513,-152.263,3
39.626,143.357,2
3.113,128.558,2
-7.981,156.287,2
-29.414,-68.166,1
36.514,141.229,2
25.449,125.319,2
51.936,-176.092,3
6.673,-82.397,1
64.948,-165.81,3
2.268,126.559,2
14.642,-91.724,1
51.316,-177.949,3
31.386,139.227,2
-18.697,-177.864,3
51.948,173.969,3
51.772,174.696,3
51.487,176.558,3
52.076,172.918,3
-18.718,169.386,2
21.527,143.081,2
25.011,94.186,2
6.746,-72.971,1
21.122,121.148,2
15.404,-92.623,1
-27.145,-177.262,3
52.39,174.937,3
52.416,174.239,3
-18.425,-132.923,3
-27.088,-176.046,3
30.317,138.702,2
25.08,122.897,2
54.157,-162.59,3
60.35,-146.176,3
-8.938,159.083,2
-6.575,105.311,2
-1.649,126.552,2
51.884,174.015,3
44.112,149.539,3
44.167,149.87,3
-39.902,45.55,4
44.505,149.218,3
46.591,152.467,3
41.278,146.682,2
-2.335,101.767,2
51.076,-171.466,3
6.789,-72.907,1
-5.921,103.993,2
13.092,145.167,2
51.752,175.5,3
56.19,-153.615,3
53.901,-165.403,3
49.646,156.116,3
-1.257,127.735,2
-7.058,129.347,2
51.42,-179.7,3
33.011,141.079,2
54.636,161.703,3
-5.371,152.055,2
50.928,179.511,3
-4.819,152.436,2
44.133,149.255,3
43.885,149.339,3
42.973,-126.652,3
53.318,170.365,3
1.813,99.276,2
51.867,175.451,3
31.6408333,-117.1711667,3
34.7138333,-116.4316667,3
33.99,-116.7613333,3
37.0978333,-116.033,3
34.6975,-116.4425,3
37.0645,-116.0371667,3
37.1476667,-116.0428333,3
34.7233333,-116.4608333,3
34.1345,-117.436,3
37.1143333,-116.0533333,3
37.4546667,-118.4268333,3
38.49,-119.1051667,3
34.1293333,-117.509,3
33.2556667,-116.0925,3
37.1185,-116.0276667,3
31.7875,-114.4691667,3
35.9388333,-119.9643333,3
33.1091667,-115.6206667,3
37.023,-116.009,3
37.0176667,-116.0398333,3
37.0071667,-116.202,3
33.0793333,-115.6221667,3
36.818,-115.9561667,3
37.0588333,-116.0105,3
36.8233333,-115.9668333,3
37.078,-116.0166667,3
31.5828333,-115.8061667,3
33.2428333,-116.0018333,3
37.1403333,-116.0666667,3
36.818,-115.9491667,3
37.2803333,-116.5236667,3
38.5813333,-119.0341667,3
33.0581667,-115.5803333,3
32.036,-113.06,3
37.0258333,-116.0226667,3
33.0185,-115.5541667,3
34.5185,-118.4845,3
33.2395,-116.0665,3
31.7045,-116.2113333,3
31.6685,-116.1073333,3
36.4828333,-114.3815,3
32.0373333,-114.5493333,3
36.124,-121.5705,3
37.1306667,-116.0616667,3
37.111,-116.0346667,3
34.0151667,-116.7858333,3
37.0516667,-116.0238333,3
35.0703333,-118.9581667,3
37.119,-116.0248333,3
32.8941667,-116.17,3
34.1448333,-117.4885,3
36.977,-116.0318333,3
31.772,-116.3263333,3
32.9475,-115.8186667,3
37.05,-116.0221667,3
33.0213333,-115.5568333,3
32.1126667,-115.7818333,3
34.1275,-117.4968333,3
37.1778333,-116.067,3
37.0,-116.0,3
33.0468333,-115.5806667,3
34.0005,-116.7533333,3
30.9831667,-116.0385,3
33.2088333,-116.0095,3
34.0115,-116.7638333,3
31.75,-116.2275,3
35.0716667,-116.5883333,3
34.8141667,-120.494,3
32.733,-115.836,3
37.2316667,-115.862,3
33.2483333,-116.08,3
32.7401667,-115.3773333,3
34.1575,-117.4305,3
33.1468333,-115.5948333,3
37.0173333,-115.9953333,3
37.0428333,-116.017,3
33.0561667,-115.5913333,3
33.3731667,-116.2991667,3
37.2426667,-116.4308333,3
37.0711667,-116.0296667,3
33.2376667,-116.0538333,3
37.002,-115.9786667,3
31.8638333,-116.0241667,3
32.626,-115.8146667,3
35.9588333,-114.6546667,3
32.7426667,-119.0205,3
32.718,-115.9436667,3
36.2143333,-120.0893333,3
31.6965,-116.6466667,3
32.3788333,-115.0388333,3
31.7421667,-116.2075,3
34.397,-119.731,3
32.8506667,-115.592,3
36.434,-120.592,3
35.674,-120.853,3
35.881,-120.3835,3
33.0453333,-115.5718333,3
37.0,-116.0,3
36.2386667,-120.1398333,3
33.0501667,-115.5875,3
33.7526667,-116.0763333,3
32.6175,-115.4638333,3
37.0,-116.0,3
34.1381667,-117.477,3
31.9265,-116.4245,3
34.8728333,-118.9585,3
33.4651667,-116.4821667,3
37.1373333,-116.0701667,3
32.8766667,-115.8268333,3
31.6923333,-116.4871667,3
37.0348333,-116.0123333,3
32.7165,-115.4191667,3
33.9975,-116.782,3
33.2155,-115.9941667,3
37.5903333,-117.939,3
34.0016667,-116.752,3
34.2015,-117.3726667,3
33.0648333,-115.8168333,3
31.7661667,-116.1163333,3
36.587,-119.7928333,3
34.7176667,-116.4298333,3
32.384,-118.6713333,3
33.2645,-116.1095,3
33.2673333,-116.1516667,3
34.1758333,-116.904,3
30.9523333,-116.2993333,3
35.2966667,-118.5561667,3
33.0465,-115.602,3
33.1361667,-115.997,3
34.9331667,-118.9818333,3
33.1963333,-115.9915,3
34.2145,-117.6815,3
35.6226667,-118.3931667,3
34.1193333,-116.5841667,3
33.086,-115.6115,3
34.3528333,-117.6271667,3
36.078,-120.4863333,3
33.2375,-116.0135,3
34.1353333,-119.1013333,3
32.1588333,-117.2595,3
36.0235,-119.8668333,3
35.9673333,-120.0505,3
33.294,-116.139,3
33.057,-115.5833333,3
37.0888333,-117.8311667,3
34.2838333,-119.7581667,3
34.0786667,-117.3035,3
36.9385,-116.2696667,3
34.1831667,-115.918,3
35.4846667,-118.6725,3
34.0286667,-116.4588333,3
34.707,-116.5215,3
33.3278333,-116.2695,3
35.5953333,-118.3926667,3
33.7511667,-117.549,3
34.2051667,-117.699,3
36.1791667,-118.064,3
32.8893333,-115.6491667,3
33.0441667,-115.5906667,3
33.0115,-115.6186667,3
37.5691667,-118.2833333,3
32.5588333,-118.466,3
32.8966667,-115.6903333,3
35.3301667,-118.594,3
34.1268333,-117.4243333,3
33.4013333,-116.1291667,3
35.2506667,-118.8376667,3
34.0938333,-116.5341667,3
34.5496667,-118.8321667,3
36.062,-120.3426667,3
33.02,-115.7133333,3
34.136,-117.4391667,3
33.1638333,-115.9676667,3
34.5608333,-118.8523333,3
33.2171667,-116.003,3
35.6063333,-118.3211667,3
33.19,-116.0135,3
34.0288333,-117.3186667,3
32.8555,-118.2263333,3
35.062,-118.995,3
33.7381667,-116.0876667,3
33.2183333,-116.0303333,3
32.8768333,-117.5921667,3
35.777,-118.0363333,3
33.1306667,-115.8623333,3
33.0985,-116.4576667,3
34.0216667,-116.7338333,3
34.3101667,-117.5163333,3
33.105,-115.6236667,3
34.51,-116.5526667,3
32.6355,-119.1951667,3
33.049,-115.5875,3
34.6238333,-117.1413333,3
34.5663333,-118.1658333,3
35.6241667,-118.5208333,3
35.001,-118.8091667,3
33.921,-115.5153333,3
33.0691667,-115.6328333,3
33.1911667,-115.999,3
34.0933333,-118.576,3
35.62,-118.4095,3
33.2041667,-116.0125,3
36.0198333,-117.9598333,3
35.3898333,-118.532,3
34.016,-118.2645,3
37.2141667,-118.1196667,3
33.6798333,-119.3678333,3
33.1621667,-116.3925,3
33.5305,-116.6598333,3
33.6913333,-116.8406667,3
33.4473333,-116.4958333,3
34.8,-118.0191667,3
32.6501667,-119.1658333,3
34.0798333,-116.5178333,3
33.1411667,-115.7716667,3
33.1896667,-115.999,3
32.4805,-119.2426667,3
35.1816667,-118.9426667,3
34.1805,-117.2551667,3
35.191,-116.9533333,3
33.9986667,-116.7881667,3
33.7451667,-118.6086667,3
33.1193333,-119.362,3
33.2296667,-116.0493333,3
33.984,-116.7823333,3
34.0,-116.7775,3
37.0825,-116.3425,3
34.2725,-118.917,3
35.318,-118.5876667,3
33.9408333,-118.6421667,3
34.4993333,-116.4761667,3
35.6233333,-118.4113333,3
33.9908333,-116.7466667,3
33.7578333,-115.8943333,3
35.4895,-118.3588333,3
35.0501667,-118.9605,3
33.9921667,-116.7538333,3
35.2116667,-117.1026667,3
33.9913333,-117.0935,3
34.3968333,-116.9301667,3
34.9828333,-118.9345,3
32.8685,-117.1748333,3
34.6161667,-117.0743333,3
33.1913333,-116.0088333,3
33.7003333,-119.2566667,3
33.9521667,-116.789,3
34.1081667,-118.8758333,3
33.1088333,-116.3958333,3
34.2986667,-117.0936667,3
34.244,-117.825,3
36.0,-114.5,3
35.2943333,-118.6428333,3
34.1721667,-116.145,3
32.6531667,-119.2026667,3
35.0295,-119.1658333,3
34.295,-116.4203333,3
34.0365,-116.7365,3
33.0245,-115.509,3
34.8841667,-118.909,3
33.4536667,-116.626,3
33.7115,-116.7796667,3
34.1825,-116.1456667,3
34.2873333,-119.1813333,3
34.0148333,-116.7553333,3
33.9615,-116.7551667,3
32.651,-119.1466667,3
35.6368333,-118.3983333,3
34.1265,-117.443,3
33.9076667,-119.051,3
35.087,-118.949,3
34.0761667,-118.3178333,3
35.1788333,-118.4911667,3
33.4355,-118.1315,3
35.8291667,-117.3175,3
33.966,-118.5753333,3
33.9808333,-117.5273333,3
35.0145,-118.4741667,3
34.0515,-117.5546667,3
33.6201667,-117.863,3
34.1193333,-117.3318333,3
36.187,-117.6416667,3
34.1615,-116.9071667,3
37.424,-118.6101667,3
33.8616667,-117.7213333,3
37.1645,-116.0765,3
