-28.336,-175.599,3
7.658,123.157,2
-5.062,152.855,2
54.252,160.884,3
24.319,142.412,2
39.346,-117.981,3
29.957,101.759,2
-50.075,162.851,2
-9.101,91.653,2
-30.128,-71.935,1
6.828,93.869,2
39.831,74.734,5
39.897,74.545,5
53.141,-167.701,3
27.664,139.925,2
51.415,-179.838,3
51.511,-179.788,3
-20.955,-177.666,3
-2.945,137.493,2
13.671,-90.94,1
26.467,101.78,2
50.722,156.805,3
39.207,-117.704,3
40.846,-123.893,3
-16.395,167.621,2
-11.8,166.353,2
39.729,143.741,2
37.617,27.284,5
24.025,122.353,2
-16.113,167.768,2
53.031,-167.613,3
33.136,82.579,2
21.779,121.0,2
25.471,-109.662,3
51.957,159.976,3
-0.23,-77.878,1
18.924,-107.085,3
-7.363,128.065,2
51.41,-178.236,3
-10.158,110.956,2
13.716,-90.857,1
-59.415,-20.063,0
-6.99,155.293,2
-4.76,134.142,2
-0.49,123.412,2
-4.952,152.842,2
52.73,-32.013,5
-4.592,152.986,2
-12.524,-57.291,1
46.215,153.17,3
-17.091,66.715,4
3.459,126.864,2
65.27,-133.163,3
9.649,122.576,2
38.096,72.784,5
29.093,130.109,2
7.674,124.081,2
7.826,124.074,2
-30.664,-72.071,1
44.289,83.805,5
-9.889,160.704,2
-3.185,136.848,2
33.766,134.31,2
56.086,-153.465,3
-6.96,155.668,2
-31.763,-178.011,3
22.118,121.334,2
-9.805,160.799,2
49.312,155.412,3
-26.406,-70.155,1
-3.453,145.689,2
-16.171,167.585,2
46.305,152.898,3
-13.423,166.823,2
-31.178,-13.279,0
12.74,-86.873,1
39.366,23.053,5
-24.795,-113.148,1
39.788,143.843,2
40.107,143.21,2
24.227,121.316,2
26.669,101.109,2
48.625,155.18,3
22.473,121.284,2
32.294,78.506,2
51.24,157.701,3
-31.406,-179.284,3
32.418,29.748,5
-24.603,-122.607,1
10.863,-61.374,1
17.601,-81.834,1
-15.231,-75.693,1
-13.754,166.837,2
-34.455,54.084,4
-11.417,66.266,4
-1.812,100.454,2
9.574,122.347,2
-56.579,148.327,0
-17.304,66.405,4
-30.4,-71.933,1
12.984,-89.439,1
39.714,143.444,2
51.499,179.979,3
40.025,142.864,2
51.402,-179.757,3
36.361,141.857,2
28.927,130.566,2
51.377,177.339,3
-21.258,-174.233,3
9.737,122.313,2
23.396,121.737,2
-40.8,-72.026,1
-4.948,153.048,2
-3.711,-104.117,1
-15.458,-173.898,3
55.174,-155.697,3
41.287,74.734,5
-1.135,-13.591,0
30.16,142.096,2
-16.773,77.531,4
15.112,-104.609,3
80.633,-1.308,5
51.368,159.469,3
41.963,142.843,2
30.387,67.1,5
-15.135,-173.068,3
25.828,98.337,2
25.559,-109.851,3
-33.771,86.913,4
12.071,-86.474,1
39.733,143.598,2
40.09,143.437,2
28.186,140.958,2
51.485,177.373,3
46.131,153.305,3
56.268,-153.304,3
0.303,-78.394,1
43.331,-127.483,3
-2.251,67.935,4
-1.995,100.141,2
51.841,-176.114,3
-17.318,168.276,2
53.838,160.609,3
-24.3,-174.48,3
52.286,-168.682,3
70.758,-14.183,5
50.213,156.405,3
29.671,90.166,2
39.353,23.198,5
-18.055,168.915,2
55.697,-154.35,3
-0.638,-91.785,1
86.633,69.923,5
-1.274,-13.639,0
8.179,94.171,2
54.175,-168.224,3
35.71,140.703,2
-32.187,-177.591,3
26.28,101.671,2
14.685,-97.403,3
29.977,101.429,2
23.71,121.748,2
51.524,-175.311,3
54.518,161.913,3
30.6,141.95,2
24.065,122.481,2
-9.595,91.749,2
27.051,96.927,2
35.202,141.297,2
19.242,-64.372,1
20.67,122.188,2
50.008,157.011,3
44.166,148.878,2
56.387,-153.06,3
51.468,159.464,3
23.98,95.843,2
51.59,-177.706,3
10.101,-84.517,1
42.768,144.813,2
37.189,-122.145,3
51.295,177.215,3
40.227,140.26,2
40.584,144.093,2
37.766,21.091,5
29.624,142.439,2
51.163,158.208,3
-9.242,-108.456,1
48.061,157.265,3
55.526,-154.484,3
39.718,75.482,5
-21.002,169.424,2
25.432,-112.588,3
52.149,161.945,3
39.824,67.949,5
30.675,86.43,2
11.778,-86.81,1
-16.342,-172.18,3
4.18,95.372,2
-32.492,-14.159,0
25.119,34.506,5
19.221,120.947,2
36.127,21.892,5
39.107,22.185,5
44.982,-28.074,5
37.688,21.283,5
37.215,22.439,5
35.284,-36.186,5
13.158,-92.159,1
40.274,25.653,5
36.268,1.403,5
6.466,-33.358,1
30.836,71.012,2
37.327,27.184,5
15.968,-95.714,3
39.176,22.154,5
34.6,73.194,5
52.92,-35.138,5
64.048,-21.479,5
34.375,23.945,5
39.095,71.517,5
42.087,71.068,5
40.746,22.329,5
31.721,-116.0635,3
40.044,78.266,5
40.746,-29.305,5
71.527,-3.961,5
36.469,1.52,5
39.2993333,-118.933,3
47.457,11.45,5
40.543,22.757,5
32.4658333,-114.989,3
36.572,-120.6995,3
35.902,-120.9985,3
31.6213333,-116.3123333,3
32.0695,-116.1041667,3
35.538,-118.2473333,3
35.4136667,-118.638,3
35.366,-118.6158333,3
35.3798333,-118.6726667,3
33.7475,-115.3266667,3
31.559,-116.3373333,3
34.955,-118.992,3
31.6976667,-116.2376667,3
31.6071667,-116.1311667,3
31.509,-115.7036667,3
33.3355,-115.7618333,3
37.4506667,-118.7548333,3
33.0216667,-115.5243333,3
34.2946667,-116.7031667,3
31.7526667,-115.1068333,3
33.109,-115.8563333,3
35.3871667,-118.6628333,3
35.3596667,-118.5371667,3
37.5153333,-118.497,3
34.12,-117.4831667,3
33.9698333,-119.1093333,3
33.454,-116.6525,3
35.295,-118.5886667,3
34.806,-118.8936667,3
36.9973333,-118.1541667,3
36.987,-118.1288333,3
33.0908333,-115.4453333,3
35.014,-119.0328333,3
31.5943333,-116.1601667,3
35.4158333,-118.6571667,3
36.8968333,-118.1611667,3
36.1268333,-120.3021667,3
31.8016667,-116.0643333,3
36.0251667,-120.9721667,3
35.3293333,-118.566,3
37.5108333,-117.9565,3
31.46,-116.3363333,3
32.8736667,-115.537,3
35.7828333,-118.0395,3
31.6771667,-116.0536667,3
35.9953333,-120.6143333,3
32.6036667,-115.5351667,3
31.607,-116.3155,3
31.1775,-116.2391667,3
31.559,-116.2941667,3
36.5193333,-120.693,3
35.1606667,-119.0895,3
35.4221667,-118.774,3
31.7006667,-116.374,3
33.141,-115.5435,3
34.0728333,-117.0106667,3
34.4343333,-121.009,3
35.2851667,-118.6183333,3
35.092,-119.0886667,3
34.2181667,-116.2063333,3
32.9416667,-115.5338333,3
31.8845,-116.2288333,3
31.6325,-116.3828333,3
34.9371667,-118.9766667,3
36.3031667,-121.5583333,3
33.2318333,-116.0286667,3
34.0375,-117.1856667,3
35.0725,-118.9018333,3
33.854,-118.116,3
34.0295,-116.8401667,3
35.0405,-118.9313333,3
35.3001667,-118.4873333,3
35.4986667,-118.7491667,3
35.844,-120.2898333,3
35.3135,-118.6028333,3
33.1598333,-116.1656667,3
35.3603333,-118.4845,3
33.689,-116.8531667,3
36.0443333,-120.9083333,3
32.7775,-118.1558333,3
34.001,-116.3883333,3
34.0531667,-116.7235,3
33.6223333,-118.0096667,3
36.1155,-117.991,3
35.264,-118.5738333,3
35.9206667,-117.9238333,3
31.6126667,-116.2556667,3
34.3666667,-116.3755,3
34.4033333,-117.6675,3
33.1476667,-116.2335,3
35.4155,-118.6821667,3
34.9991667,-118.8516667,3
32.6456667,-117.0725,3
32.9866667,-116.3491667,3
35.1683333,-118.6706667,3
35.3166667,-118.5606667,3
35.3413333,-118.588,3
33.5263333,-116.5545,3
33.1845,-115.8773333,3
33.858,-118.3368333,3
33.2233333,-116.0978333,3
34.8215,-116.8698333,3
37.7218333,-119.2608333,3
32.5991667,-119.27,3
32.9993333,-116.3646667,3
33.4736667,-116.5903333,3
35.3245,-118.5426667,3
35.0893333,-118.5308333,3
33.6473333,-116.7661667,3
36.0841667,-117.9271667,3
35.3458333,-118.5386667,3
32.9525,-116.3166667,3
33.9528333,-117.1996667,3
35.3818333,-118.6915,3
35.3005,-118.5355,3
35.3701667,-118.5823333,3
34.184,-116.9346667,3
35.1098333,-119.0688333,3
35.1046667,-118.5113333,3
35.0681667,-118.9923333,3
33.0888333,-116.2856667,3
35.3631667,-118.5301667,3
35.3195,-118.5215,3
35.3808333,-118.5623333,3
34.9283333,-116.9275,3
35.6821667,-118.1545,3
34.1251667,-117.0516667,3
34.2858333,-116.7466667,3
35.3393333,-118.5958333,3
33.4455,-116.5605,3
34.2736667,-117.089,3
33.8261667,-118.5205,3
34.0588333,-117.2498333,3
33.4598333,-116.6128333,3
35.3975,-118.6663333,3
33.7653333,-116.9351667,3
34.971,-119.0045,3
34.94,-119.0741667,3
35.454,-118.7171667,3
32.1041667,-115.5795,3
34.4846667,-116.8968333,3
35.342,-118.6306667,3
37.6858333,-118.4195,3
35.311,-118.5915,3
35.2161667,-118.6356667,3
35.0721667,-119.0673333,3
35.3428333,-119.4585,3
35.3926667,-118.653,3
35.4305,-118.6438333,3
35.362,-118.5938333,3
35.337,-119.5375,3
35.444,-118.6673333,3
34.1775,-119.7746667,3
35.577,-118.577,3
35.1548333,-118.8153333,3
34.255,-116.927,3
34.1041667,-116.6676667,3
35.1221667,-119.0753333,3
34.953,-118.9965,3
35.0755,-118.9661667,3
33.9385,-116.2935,3
34.9641667,-116.7406667,3
35.4121667,-118.6245,3
34.2651667,-117.116,3
34.9456667,-119.1291667,3
35.15,-118.647,3
33.934,-118.6661667,3
33.1276667,-115.4648333,3
33.0866667,-117.8176667,3
34.3515,-116.984,3
34.1163333,-117.3215,3
34.8505,-117.2363333,3
35.1841667,-118.5671667,3
35.3831667,-118.5783333,3
35.3411667,-118.5101667,3
34.4436667,-116.8276667,3
35.3713333,-118.5593333,3
35.3428333,-118.5471667,3
33.6721667,-116.8213333,3
35.34,-118.6011667,3
35.3296667,-118.6215,3
35.3236667,-118.5593333,3
34.2071667,-117.4538333,3
35.34,-118.6111667,3
33.1748333,-116.1203333,3
35.3531667,-118.5303333,3
33.4126667,-118.2126667,3
33.862,-116.3686667,3
35.5083333,-118.7981667,3
34.0035,-119.25,3
34.2075,-117.1211667,3
35.728,-118.4911667,3
35.1625,-119.0795,3
35.3511667,-118.5021667,3
33.9601667,-116.8211667,3
34.2551667,-117.0413333,3
35.2785,-118.7603333,3
33.9563333,-118.3163333,3
34.0583333,-117.2423333,3
34.2761667,-116.7563333,3
35.3928333,-118.5451667,3
35.067,-118.9485,3
35.1063333,-118.9756667,3
35.3763333,-118.6325,3
34.434,-118.937,3
34.1123333,-117.2246667,3
34.1051667,-117.4845,3
35.4966667,-118.5571667,3
35.1711667,-119.0693333,3
35.0388333,-118.808,3
35.0333333,-119.04,3
35.3261667,-118.5856667,3
35.277,-118.6833333,3
34.3755,-117.0603333,3
35.129,-118.6351667,3
35.2083333,-118.639,3
35.305,-118.5653333,3
34.4535,-118.3783333,3
34.0271667,-116.3511667,3
35.361,-118.6961667,3
35.2771667,-118.6235,3
35.3466667,-118.585,3
35.4173333,-118.7141667,3
35.3496667,-118.5073333,3
35.1416667,-118.9756667,3
34.4523333,-116.7921667,3
34.026,-117.2281667,3
35.3795,-118.8175,3
35.3903333,-118.5951667,3
34.459,-118.9166667,3
35.3766667,-118.7045,3
34.2386667,-117.5225,3
34.6235,-117.0811667,3
35.052,-119.1103333,3
35.3786667,-118.5818333,3
35.2841667,-118.5873333,3
34.2778333,-117.139,3
35.3595,-118.5798333,3
35.1606667,-118.8846667,3
35.3676667,-118.5386667,3
35.3403333,-118.613,3
35.3808333,-118.7093333,3
35.3515,-118.5925,3
34.9863333,-116.6926667,3
35.3823333,-118.5506667,3
34.0141667,-117.935,3
35.0455,-119.0055,3
34.6675,-117.1051667,3
35.4095,-118.6921667,3
33.8488333,-117.8438333,3
35.3235,-118.5325,3
33.0075,-117.8286667,3
33.8681667,-118.0031667,3
35.3128333,-118.5611667,3
35.7023333,-117.6555,3
35.2303333,-118.6756667,3
35.2168333,-118.6931667,3
35.346,-118.5463333,3
35.4293333,-118.6948333,3
34.2668333,-117.1351667,3
34.5898333,-119.1458333,3
35.362,-118.5366667,3
35.328,-118.4983333,3
35.4195,-118.6536667,3
34.2508333,-118.398,3
32.5616667,-118.1801667,3
34.3621667,-118.7113333,3
35.2598333,-118.5861667,3
34.3628333,-116.8466667,3
34.4403333,-116.8201667,3
35.3685,-118.4908333,3
34.2973333,-117.0855,3
33.3388333,-118.2535,3
35.4601667,-118.932,3
35.3505,-118.569,3
35.1001667,-119.0005,3
34.0338333,-117.2431667,3
35.3745,-118.5736667,3
35.3613333,-118.682,3
35.3201667,-118.5758333,3
33.3995,-118.2126667,3
35.3696667,-118.4685,3
35.4075,-118.7766667,3
33.5005,-116.5511667,3
35.3398333,-118.5716667,3
34.092,-117.7898333,3
33.8838333,-117.82,3
35.27,-118.6221667,3
34.4026667,-117.1793333,3
35.0511667,-118.8783333,3
35.4331667,-118.8228333,3
33.2683333,-117.853,3
