-10.75,-70.775,1
31.739,131.475,2
-24.732,-70.297,1
-18.307,168.29,2
-59.274,-26.801,0
36.121,141.758,2
-10.688,-70.925,1
43.056,145.101,2
-56.332,-27.345,0
36.226,141.815,2
-28.866,-175.568,3
39.762,77.712,5
29.692,131.683,2
43.823,147.697,2
24.078,122.124,2
43.099,104.521,2
-51.964,160.914,0
-12.331,166.111,2
39.857,77.841,5
36.088,136.712,2
36.202,141.741,2
-49.867,163.396,2
44.934,150.244,3
-21.199,169.581,2
-21.169,169.564,2
50.016,156.099,3
-20.619,169.249,2
-2.287,-77.035,1
-36.738,-73.238,1
51.782,-175.978,3
-6.804,155.455,2
-8.453,121.71,2
-5.984,149.747,2
-3.036,148.19,2
42.928,145.252,2
-21.453,169.905,2
-24.06,-175.694,3
36.693,28.594,5
27.861,54.528,5
-9.849,160.614,2
2.999,126.249,2
-44.858,-76.148,1
36.036,141.629,2
43.866,147.846,2
39.858,77.91,5
-28.138,-176.683,3
-56.774,-24.877,0
51.113,-170.74,3
48.937,-129.399,3
8.52,-82.907,1
36.189,142.145,2
38.396,143.249,2
11.64,43.065,4
-38.258,-72.8,1
-6.047,154.563,2
12.629,-87.219,1
10.466,39.717,4
34.029,81.974,2
-20.17,168.911,2
-60.279,-34.008,0
3.679,126.665,2
-0.397,98.704,2
31.382,131.458,2
-0.454,127.502,2
-21.404,-69.694,1
-15.619,167.167,2
27.863,142.623,2
51.81,-170.847,3
-21.124,169.194,2
55.882,-153.865,3
24.059,122.566,2
-28.373,-177.615,3
-28.396,-177.519,3
-15.432,-174.996,3
43.694,147.628,2
-38.727,78.489,4
48.708,154.88,3
-3.309,150.861,2
51.712,-176.208,3
-37.439,-72.848,1
52.206,173.833,3
-22.953,-176.28,3
27.857,99.687,2
-20.237,168.822,2
-18.509,168.234,2
24.02,122.28,2
-59.349,-23.864,0
-33.906,179.638,2
-35.594,-16.958,0
-10.948,165.519,2
-44.218,-75.618,1
53.693,-163.416,3
56.463,-152.424,3
43.674,148.047,2
-32.673,-111.441,1
-8.527,121.706,2
13.31,-88.76,1
47.934,154.714,3
25.921,129.895,2
44.684,150.261,3
44.541,150.189,3
30.542,131.97,2
-21.509,-174.294,3
30.005,-113.785,3
-5.368,151.858,2
10.162,39.764,4
12.52,121.886,2
39.229,143.313,2
-13.738,166.126,2
7.946,93.124,2
6.663,-123.839,3
-18.375,168.33,2
-56.831,-24.971,0
-2.801,122.111,2
-20.392,169.301,2
46.973,154.066,3
17.848,146.742,2
59.8,-150.932,3
-41.722,-75.576,1
-3.564,150.971,2
30.821,141.699,2
-54.828,1.145,0
-13.369,166.597,2
-21.887,169.961,2
41.416,-125.074,3
49.813,156.38,3
-38.729,78.086,4
43.691,147.921,2
19.111,-107.352,3
-23.798,-175.915,3
-16.601,167.302,2
11.349,-86.297,1
35.852,141.227,2
-15.417,-173.069,3
36.732,-121.222,3
44.814,150.43,3
44.612,150.411,3
40.758,-127.523,3
44.81,150.108,3
-15.375,-174.321,3
-28.009,-176.37,3
23.686,123.637,2
10.257,39.867,4
55.895,164.774,3
-24.305,-111.989,1
43.927,-128.85,3
-20.442,169.015,2
22.989,122.704,2
13.302,120.641,2
-18.822,167.773,2
-24.167,-176.144,3
45.29,151.324,3
-24.394,-175.678,3
7.114,-34.314,1
13.573,-92.267,1
34.929,33.886,5
8.668,125.987,2
-21.482,169.365,2
8.094,-82.537,1
43.62,147.757,2
-28.758,-177.263,3
-22.723,171.492,2
10.569,-41.62,1
-28.849,-175.656,3
39.813,77.72,5
44.176,148.149,2
-15.025,-173.068,3
-32.934,-178.294,3
-1.518,-15.362,0
-24.699,-70.483,1
-5.525,-11.55,0
8.362,-103.42,3
-41.025,-75.269,1
21.757,143.797,2
52.092,174.567,3
-20.173,169.233,2
-20.289,169.081,2
-22.948,171.569,2
35.821,141.642,2
29.646,131.516,2
29.845,131.783,2
19.984,-109.396,3
-56.97,-24.958,0
-2.709,122.1,2
-28.322,-176.523,3
33.018,142.376,2
-15.716,-13.38,0
6.805,-82.294,1
52.255,-168.602,3
24.07,121.807,2
-20.08,173.035,2
48.859,-128.756,3
73.671,54.079,5
0.375,29.436,4
7.391,-82.427,1
-27.075,-176.316,3
36.26,141.737,2
43.224,104.386,2
36.186,84.455,2
8.729,93.945,2
-30.91,-176.965,3
-10.65,161.481,2
-23.981,-175.83,3
57.275,163.739,3
39.432,72.877,5
71.163,-7.904,5
52.438,-31.81,5
-17.342,168.068,2
-27.966,-176.238,3
-28.314,-176.106,3
27.877,54.548,5
21.48,106.044,2
10.364,39.638,4
45.476,151.557,3
39.152,143.47,2
3.671,97.338,2
29.871,131.807,2
-19.076,168.789,2
31.59,131.632,2
-23.086,-113.718,1
33.704,141.499,2
-13.081,166.573,2
-60.211,-33.692,0
-55.337,146.217,2
42.423,-126.905,3
28.936,142.194,2
31.14,-40.66,1
-20.438,169.395,2
43.602,148.099,2
-1.518,-15.902,0
-15.519,-175.541,3
-22.875,171.282,2
27.815,56.621,5
44.728,150.329,3
44.715,150.192,3
35.016,134.482,2
9.957,39.723,4
27.87,54.777,5
24.845,98.619,2
11.932,44.212,4
-7.396,-13.555,0
41.022,139.481,2
38.583,68.511,5
-21.033,173.539,2
36.579,21.882,5
50.898,92.538,5
52.371,-168.809,3
36.657,27.355,5
10.305,40.138,4
40.974,50.107,5
37.7695,-118.198,3
51.552,-178.161,3
35.8643333,-117.7946667,3
37.4853333,-118.4973333,3
35.758,-118.0408333,3
34.9463333,-118.9871667,3
31.579,-115.478,3
32.7415,-115.5698333,3
33.0531667,-116.2263333,3
35.8801667,-120.347,3
33.671,-117.984,3
31.6386667,-116.439,3
31.9671667,-116.4525,3
32.1683333,-115.7376667,3
33.853,-117.7536667,3
33.0088333,-116.2451667,3
33.068,-116.3155,3
31.6233333,-116.2426667,3
36.7281667,-116.0916667,3
35.3901667,-117.7701667,3
33.0948333,-115.998,3
33.0748333,-116.2195,3
33.7361667,-116.088,3
37.1878333,-116.2078333,3
32.0825,-115.8148333,3
31.9883333,-116.2955,3
33.6661667,-117.9805,3
33.6713333,-118.0073333,3
31.4826667,-116.5458333,3
31.261,-115.9771667,3
31.1601667,-116.3291667,3
32.5,-115.35,3
33.673,-117.9796667,3
33.7275,-117.9711667,3
32.0223333,-116.2625,3
31.3556667,-115.9178333,3
35.2121667,-118.504,3
31.6223333,-116.4166667,3
33.1946667,-115.879,3
32.864,-115.3325,3
32.1688333,-115.8468333,3
37.7818333,-118.6813333,3
33.0565,-116.255,3
35.6126667,-119.391,3
35.2375,-118.5773333,3
34.2428333,-117.0933333,3
31.7313333,-116.079,3
31.7191667,-115.8353333,3
37.662,-117.7251667,3
37.4816667,-118.5666667,3
33.6771667,-117.9765,3
37.7655,-118.6623333,3
35.7996667,-117.6208333,3
37.1943333,-116.207,3
33.1575,-116.0413333,3
35.167,-117.0515,3
32.1313333,-115.6983333,3
32.5125,-115.3516667,3
34.0785,-118.8613333,3
31.9423333,-116.1921667,3
36.3541667,-120.3015,3
33.2105,-116.2201667,3
32.0591667,-115.7458333,3
35.7938333,-118.0328333,3
33.4845,-119.0278333,3
32.7558333,-115.4061667,3
33.0011667,-116.2648333,3
35.8231667,-118.0265,3
32.4965,-117.6871667,3
36.0555,-116.0668333,3
35.2236667,-118.629,3
35.4003333,-118.6108333,3
36.0691667,-120.3703333,3
34.4298333,-116.5188333,3
32.841,-115.4183333,3
33.051,-116.2278333,3
32.1335,-117.6575,3
34.0023333,-116.2176667,3
33.0358333,-116.225,3
35.8395,-117.8243333,3
37.571,-118.803,3
36.514,-121.8916667,3
32.0133333,-116.2706667,3
32.1641667,-115.7963333,3
35.0295,-119.0836667,3
36.4138333,-117.952,3
32.9873333,-116.231,3
37.6135,-117.6656667,3
33.7116667,-117.9585,3
33.729,-117.8728333,3
33.0843333,-116.6183333,3
35.7345,-118.0246667,3
32.8611667,-115.6141667,3
35.1003333,-116.7768333,3
33.676,-117.968,3
31.8103333,-116.3661667,3
35.7266667,-117.7568333,3
34.0226667,-117.5378333,3
34.0485,-117.0246667,3
35.8248333,-116.8065,3
35.276,-118.5565,3
33.2401667,-115.9436667,3
35.0896667,-119.0878333,3
33.0106667,-116.2413333,3
33.8376667,-117.7445,3
33.115,-115.9493333,3
32.4423333,-115.6296667,3
35.1546667,-117.1071667,3
33.6715,-117.9346667,3
33.1423333,-116.3653333,3
33.0335,-116.2178333,3
34.4315,-116.8116667,3
35.2981667,-118.5463333,3
35.195,-118.9595,3
35.2083333,-118.5895,3
33.021,-116.2353333,3
32.9866667,-116.2098333,3
33.6861667,-117.9765,3
35.2388333,-118.6048333,3
34.3186667,-119.8758333,3
35.7996667,-118.0488333,3
35.3425,-117.9181667,3
35.0466667,-119.0611667,3
33.0405,-116.2573333,3
35.3186667,-118.5596667,3
36.7356667,-116.032,3
33.073,-116.2606667,3
32.2106667,-115.0745,3
35.2393333,-118.5765,3
35.7678333,-118.033,3
35.748,-117.9981667,3
33.8998333,-118.1823333,3
35.8025,-118.0515,3
35.3846667,-118.4981667,3
33.0185,-116.2631667,3
35.1008333,-118.8068333,3
31.5068333,-114.7701667,3
36.0331667,-120.0416667,3
35.753,-118.0393333,3
33.9921667,-117.2813333,3
35.7786667,-117.2203333,3
33.68,-118.0,3
32.6363333,-117.0298333,3
35.2976667,-117.4936667,3
34.0481667,-116.7936667,3
36.221,-118.392,3
32.9478333,-116.1498333,3
35.7738333,-118.0328333,3
34.3261667,-118.5501667,3
33.0006667,-116.1661667,3
35.789,-118.0385,3
35.6436667,-119.3515,3
37.635,-117.7711667,3
37.0485,-116.0311667,3
35.1083333,-116.4988333,3
33.149,-116.1326667,3
33.0203333,-115.8393333,3
33.7031667,-117.9493333,3
33.1098333,-116.4161667,3
33.2003333,-119.0965,3
33.5243333,-116.7875,3
33.696,-119.2308333,3
33.0268333,-116.2288333,3
37.6218333,-117.7901667,3
33.0013333,-116.2231667,3
35.417,-118.6925,3
33.954,-117.6043333,3
33.0393333,-116.2793333,3
35.2255,-118.6018333,3
33.1415,-116.376,3
35.2451667,-120.8555,3
33.9125,-118.4718333,3
33.0343333,-116.1631667,3
33.269,-116.8246667,3
34.492,-118.2645,3
34.0716667,-116.6,3
35.3876667,-118.6,3
32.9516667,-116.153,3
34.9468333,-118.9473333,3
35.2351667,-118.621,3
34.429,-117.0233333,3
35.0635,-118.9316667,3
33.3201667,-119.0578333,3
33.9851667,-117.0296667,3
34.663,-118.5781667,3
32.3661667,-115.2046667,3
35.084,-119.3176667,3
35.0688333,-119.0418333,3
35.1178333,-119.0631667,3
35.6615,-119.3638333,3
35.7456667,-118.0446667,3
35.3601667,-118.6031667,3
35.2048333,-118.5858333,3
36.2173333,-117.936,3
35.3578333,-118.7268333,3
33.0578333,-116.2506667,3
35.1013333,-118.6123333,3
34.5508333,-116.9091667,3
35.2346667,-118.6273333,3
33.8893333,-118.651,3
34.4628333,-118.294,3
33.3388333,-119.0605,3
35.4471667,-118.6113333,3
33.4635,-116.518,3
35.2183333,-118.4885,3
33.3221667,-119.047,3
33.7073333,-117.9645,3
35.4303333,-117.7453333,3
35.74,-117.635,3
33.9183333,-116.3681667,3
35.2748333,-118.6555,3
32.9455,-117.7831667,3
34.0645,-117.656,3
32.6683333,-118.5953333,3
33.125,-119.0283333,3
34.0726667,-118.2448333,3
35.758,-118.0298333,3
34.315,-118.5846667,3
33.399,-116.4803333,3
34.2391667,-119.6445,3
33.6733333,-117.9746667,3
33.6726667,-117.9723333,3
34.0403333,-117.2781667,3
34.2761667,-119.6005,3
33.01,-116.2351667,3
35.391,-118.6238333,3
34.0173333,-118.2793333,3
33.0073333,-116.2493333,3
33.9238333,-118.5991667,3
34.3485,-119.557,3
35.3045,-118.5255,3
33.5183333,-119.1001667,3
35.3465,-118.5161667,3
33.9841667,-118.0951667,3
33.9013333,-118.6071667,3
33.0191667,-116.2216667,3
34.1916667,-116.3845,3
33.6055,-116.7891667,3
33.6565,-117.948,3
34.1318333,-118.6833333,3
33.0428333,-116.2696667,3
33.9273333,-118.583,3
33.7036667,-117.9375,3
35.0476667,-118.8926667,3
34.6348333,-117.1491667,3
36.1525,-117.6953333,3
33.0826667,-117.1993333,3
33.9566667,-118.6045,3
35.033,-117.7313333,3
32.9925,-116.1908333,3
34.2978333,-117.3185,3
34.2185,-117.1271667,3
33.0566667,-116.25,3
34.1095,-118.7416667,3
34.5911667,-117.1455,3
33.2498333,-118.2591667,3
33.9458333,-116.8208333,3
33.7228333,-116.851,3
33.9608333,-118.6241667,3
36.2145,-117.9351667,3
33.7203333,-117.928,3
34.5991667,-117.097,3
35.0468333,-118.3375,3
33.0405,-116.2108333,3
33.876,-117.7506667,3
34.2661667,-117.09,3
35.0155,-117.7956667,3
34.6441667,-117.0928333,3
32.8095,-117.0936667,3
34.1711667,-117.0948333,3
33.0076667,-116.0898333,3
33.5445,-118.9136667,3
34.1423333,-117.1231667,3
34.4216667,-118.3696667,3
33.8371667,-118.6543333,3
33.9108333,-118.5916667,3
35.3681667,-118.5775,3
33.918,-118.631,3
33.8623333,-117.7535,3
34.1848333,-117.4778333,3
34.2615,-118.7876667,3
34.6473333,-117.1043333,3
33.8298333,-117.7961667,3
34.3231667,-117.2466667,3
33.8555,-117.7386667,3
35.3693333,-118.543,3
34.9501667,-116.7631667,3
34.056,-117.5396667,3
33.9615,-118.3765,3
34.4743333,-118.2901667,3
37.0483,-116.0345,3
33.7066667,-117.9426667,3
34.4405,-118.3046667,3
34.3291667,-117.088,3
33.8636667,-118.6733333,3
33.704,-118.0253333,3
35.0411667,-117.8088333,3
