-10.665,-78.228,1
2.388,128.49,2
24.122,122.583,2
-10.318,161.006,2
-7.24,124.583,2
-1.571,-15.611,0
-5.388,151.592,2
29.988,68.588,5
50.513,-171.301,3
-21.558,170.596,2
37.545,115.061,2
11.323,139.593,2
-10.061,161.149,2
51.826,179.778,3
39.235,41.572,5
18.919,-107.176,3
31.525,80.487,2
-21.149,-179.093,3
-12.191,167.132,2
-60.244,-27.199,0
22.232,145.978,2
-17.67,168.021,2
-32.265,78.866,4
0.622,29.863,4
36.421,71.224,5
29.956,69.761,2
30.276,70.041,2
20.711,146.163,2
37.156,114.875,2
-0.711,122.191,2
17.135,-100.126,3
-15.899,167.914,2
26.246,103.187,2
-8.341,-74.142,1
24.739,122.414,2
56.241,164.754,3
-17.757,-178.55,3
-15.37,-175.109,3
31.0395,-113.7773333,3
-6.458,146.298,2
7.65,-81.913,1
-56.79,-25.965,0
31.422,80.554,2
-45.685,96.003,4
-38.231,-72.695,1
29.706,80.935,2
-22.499,170.742,2
-22.987,170.75,2
27.412,100.103,2
-15.681,167.258,2
-18.108,-178.062,3
-18.096,-178.979,3
55.956,-153.942,3
39.093,21.777,5
-13.696,166.555,2
1.903,126.334,2
37.535,115.039,2
23.973,122.938,2
51.301,157.703,3
56.896,-153.601,3
24.298,122.595,2
48.888,156.275,3
-14.828,-75.835,1
29.906,68.681,5
-21.343,171.484,2
39.438,41.094,5
-60.256,-26.922,0
22.924,121.507,2
58.335,-153.303,3
-31.452,-71.049,1
-0.57,122.235,2
-5.996,149.735,2
51.41,-178.291,3
13.901,146.481,2
-52.772,160.124,0
-21.242,174.342,2
24.303,125.186,2
-0.111,125.071,2
-23.734,-175.678,3
-16.654,-177.279,3
-60.354,-26.485,0
-31.973,-68.301,1
-37.199,177.558,2
44.688,149.939,3
33.675,137.244,2
-17.114,168.559,2
-6.561,132.642,2
-55.495,-27.079,0
-15.404,-172.843,3
29.244,130.344,2
37.714,115.275,2
23.869,142.248,2
37.464,115.127,2
18.82,147.221,2
41.703,48.238,5
35.581,142.171,2
34.425,26.455,5
53.934,-164.122,3
46.418,152.735,3
9.528,126.505,2
29.504,80.845,2
-13.794,166.644,2
-19.474,-173.254,3
29.937,68.778,5
19.279,-108.27,3
-20.161,-175.228,3
13.295,121.467,2
3.487,64.014,4
-0.007,125.026,2
8.48,126.645,2
-22.128,170.04,2
18.261,-100.985,3
-11.793,121.601,2
19.102,-67.878,1
41.746,144.389,2
-11.292,166.143,2
-5.201,151.583,2
0.586,120.141,2
50.023,155.506,3
26.12,103.222,2
6.709,123.842,2
-38.747,178.061,2
-13.626,166.829,2
37.798,115.096,2
-38.194,-73.198,1
35.6,142.037,2
-37.656,-73.428,1
24.97,-109.085,3
-10.033,160.937,2
-23.495,-175.808,3
-1.741,134.06,2
6.761,-72.976,1
39.385,-120.252,3
27.419,92.576,2
38.796,21.242,5
48.019,146.857,3
-14.851,167.051,2
51.101,-170.604,3
-56.722,-141.439,0
52.293,160.356,3
27.863,141.992,2
-16.673,-71.111,1
13.248,95.42,2
52.764,172.058,3
37.883,138.151,2
30.013,69.606,2
24.13,121.966,2
-9.851,116.376,2
31.193,142.001,2
48.256,154.425,3
-19.991,-68.842,1
12.01,92.483,2
9.409,-84.282,1
57.271,-152.483,3
48.853,156.133,3
24.274,122.631,2
-23.461,-174.657,3
-0.047,123.13,2
-11.022,165.171,2
51.745,176.296,3
51.867,-179.88,3
-24.16,-70.082,1
52.563,-161.63,3
36.395,70.903,5
14.478,-91.84,1
42.981,140.708,2
-27.693,-177.185,3
-31.241,-177.747,3
-57.964,-25.518,0
52.829,172.048,3
-24.837,-64.413,1
0.211,123.555,2
16.709,119.973,2
-32.233,78.999,4
-25.983,-70.328,1
8.865,-83.467,1
36.617,141.121,2
26.199,127.507,2
-14.074,166.724,2
18.113,-102.557,3
34.023,138.983,2
-6.974,129.352,2
30.081,139.992,2
13.894,146.41,2
-6.384,131.044,2
-21.658,169.814,2
44.238,147.766,2
-10.172,160.85,2
29.543,80.915,2
44.707,37.272,5
51.664,-173.677,3
-10.987,162.767,2
37.38,-114.157,3
-5.026,125.119,2
-3.195,-77.166,1
23.873,123.228,2
-36.094,178.575,2
27.775,54.227,5
29.734,142.669,2
-56.111,-27.62,0
-18.319,167.58,2
-25.563,-70.497,1
52.612,173.14,3
44.757,150.195,3
60.481,-140.766,3
54.21,-164.476,3
-59.548,-26.465,0
51.514,157.119,3
26.14,125.744,2
52.55,173.462,3
43.691,139.738,2
1.742,126.337,2
-52.655,19.709,0
-21.176,-174.429,3
56.382,-154.604,3
-8.495,114.967,2
48.848,156.288,3
-44.195,-75.478,1
-14.929,167.839,2
24.328,122.66,2
51.399,-178.35,3
43.726,140.19,2
-38.36,177.139,2
51.748,-173.478,3
-10.692,161.237,2
28.565,78.961,2
52.156,175.053,3
61.197,-147.781,3
45.401,150.549,3
61.58,-150.126,3
52.141,-169.158,3
-23.822,-67.863,1
17.042,-61.885,1
6.6,-82.746,1
19.374,122.147,2
50.993,175.957,3
50.164,157.767,3
35.7905,-120.294,3
37.3158333,-116.299,3
33.643,137.232,2
37.1646667,-116.0523333,3
37.1111667,-116.0578333,3
37.348,-116.3218333,3
37.0683333,-116.0353333,3
31.5443333,-115.7196667,3
36.1725,-120.7293333,3
37.0868333,-116.0333333,3
31.5728333,-115.615,3
37.0725,-116.0291667,3
37.227,-116.0555,3
37.2426667,-116.4308333,3
35.8085,-120.188,3
37.1715,-116.0488333,3
35.95,-120.5,3
35.1741667,-121.7793333,3
37.2718333,-116.4338333,3
31.867,-116.1361667,3
36.5058333,-121.2545,3
35.1185,-117.3153333,3
37.0916667,-116.0186667,3
31.9193333,-114.6186667,3
30.3275,-114.561,3
36.8873333,-115.9406667,3
37.1783333,-116.0976667,3
37.1395,-116.1408333,3
37.1553333,-116.0721667,3
37.0096667,-116.2023333,3
37.0093333,-116.0091667,3
31.218,-115.8778333,3
33.257,-116.2696667,3
37.4885,-118.4875,3
37.0594,-116.0388,3
35.7653333,-120.1915,3
36.8768333,-115.9506667,3
33.2066667,-116.2085,3
37.0506667,-116.0388333,3
37.1343333,-116.0711667,3
31.4556667,-115.5146667,3
37.0428333,-116.0103333,3
37.1263333,-116.0695,3
37.1436667,-116.0525,3
36.0571667,-120.3228333,3
35.8548333,-120.4698333,3
35.4063333,-117.811,3
37.137,-116.1371667,3
37.1408333,-116.0631667,3
37.1343333,-116.0498333,3
37.1745,-116.2083333,3
37.1686667,-116.0461667,3
37.0373333,-116.0293333,3
37.4256667,-115.6703333,3
35.7981667,-120.2046667,3
37.0316667,-116.0156667,3
36.526,-121.3826667,3
31.8873333,-116.2535,3
35.9811667,-120.451,3
37.0208333,-116.0363333,3
35.1401667,-117.3268333,3
37.0173333,-115.9921667,3
35.846,-120.4103333,3
35.4701667,-114.5945,3
36.6178333,-121.176,3
32.788,-115.5741667,3
33.207,-116.0646667,3
35.9263333,-120.3733333,3
35.9866667,-120.422,3
35.7866667,-120.3265,3
38.1481667,-118.2526667,3
34.1236667,-117.4073333,3
32.6583333,-115.3285,3
35.325,-118.5063333,3
37.1161667,-116.0275,3
37.1403333,-116.0988333,3
35.8666667,-116.7841667,3
37.1026667,-116.0198333,3
33.3205,-116.7376667,3
32.6276667,-117.9463333,3
37.1686667,-116.0476667,3
35.8811667,-116.7635,3
35.4041667,-118.4291667,3
37.4771667,-118.7153333,3
34.2378333,-117.0911667,3
37.1698333,-116.0471667,3
33.1748333,-116.3893333,3
33.1626667,-116.4403333,3
36.1948333,-120.4231667,3
33.1326667,-116.4285,3
36.0731667,-120.4361667,3
33.9878333,-118.3166667,3
32.7785,-115.4506667,3
34.0263333,-116.665,3
35.8878333,-120.3615,3
35.7295,-120.4266667,3
35.8308333,-116.778,3
35.8246667,-120.1583333,3
35.8516667,-120.2751667,3
33.581,-116.5368333,3
36.0453333,-117.399,3
35.9605,-119.9826667,3
33.0825,-115.785,3
34.3946667,-116.7635,3
35.3401667,-118.5581667,3
35.7928333,-120.3353333,3
35.4226667,-119.3191667,3
35.7213333,-116.8963333,3
33.7611667,-116.0738333,3
36.4738333,-118.2611667,3
35.4728333,-118.6721667,3
35.8183333,-120.2948333,3
32.0908333,-116.3163333,3
35.8991667,-120.1951667,3
34.214,-116.4696667,3
37.6775,-117.9325,3
33.56,-116.5303333,3
32.6491667,-115.3948333,3
33.7228333,-118.0448333,3
34.4336667,-116.5055,3
35.4485,-118.6583333,3
35.72,-120.2778333,3
35.7543333,-116.8661667,3
36.0585,-120.4125,3
36.3495,-120.3068333,3
33.1781667,-116.567,3
34.6283333,-118.7543333,3
36.448,-117.8108333,3
31.9996667,-115.8041667,3
35.7041667,-120.2623333,3
36.0921667,-115.0653333,3
35.4258333,-117.7783333,3
35.431,-117.712,3
37.0,-116.0,3
34.0838333,-118.5325,3
37.1235,-116.1063333,3
33.4796667,-116.3591667,3
35.8203333,-120.4035,3
33.0325,-115.9821667,3
36.352,-120.326,3
32.3316667,-116.3498333,3
34.0453333,-119.6693333,3
32.348,-118.5545,3
36.2556667,-120.4363333,3
34.133,-117.43,3
35.9463333,-120.47,3
35.878,-116.6728333,3
32.8746667,-117.194,3
35.8656667,-120.5405,3
35.9093333,-120.1548333,3
36.1106667,-117.8875,3
33.323,-116.4233333,3
35.7073333,-118.0726667,3
34.1211667,-116.7455,3
34.9328333,-116.5808333,3
35.8565,-120.4461667,3
34.1696667,-117.3613333,3
32.487,-118.2963333,3
33.4175,-117.728,3
33.3271667,-118.0351667,3
34.0016667,-116.7081667,3
37.0595,-119.7976667,3
34.0971667,-118.5028333,3
34.454,-116.974,3
35.9053333,-120.4336667,3
33.8118333,-117.7165,3
35.4448333,-118.4003333,3
33.728,-115.3633333,3
33.8613333,-115.3963333,3
35.797,-120.3281667,3
35.9223333,-120.4585,3
36.4343333,-117.9723333,3
34.447,-119.84,3
35.2971667,-119.2706667,3
34.0246667,-116.4108333,3
33.1375,-115.6031667,3
34.932,-116.444,3
35.0736667,-118.9095,3
33.0381667,-116.4356667,3
34.9255,-116.5233333,3
35.6758333,-117.0045,3
35.9286667,-117.9248333,3
35.1306667,-118.6251667,3
35.3076667,-118.6028333,3
35.4346667,-117.7836667,3
32.747,-118.1716667,3
33.9615,-116.605,3
35.555,-118.4183333,3
35.577,-118.4093333,3
34.6493333,-119.1288333,3
35.3485,-118.922,3
35.4563333,-118.6971667,3
37.1133333,-116.0313333,3
34.0933333,-116.7758333,3
35.4238333,-117.7655,3
35.8975,-116.7853333,3
35.1101667,-118.5403333,3
35.7101667,-118.4528333,3
35.7951667,-116.7791667,3
33.9885,-116.7946667,3
34.9526667,-116.9573333,3
34.9711667,-116.6773333,3
35.2121667,-118.994,3
35.9908333,-120.4355,3
35.4203333,-118.4723333,3
34.6855,-120.798,3
35.329,-118.6411667,3
33.775,-117.0925,3
33.8006667,-118.0868333,3
35.3603333,-118.5738333,3
35.9305,-120.4636667,3
35.8645,-120.3905,3
36.007,-119.9678333,3
35.3216667,-118.541,3
33.8256667,-118.9951667,3
36.449,-118.0096667,3
34.6365,-116.484,3
34.9295,-118.9858333,3
35.3188333,-118.5366667,3
34.5401667,-116.4671667,3
35.5496667,-118.4191667,3
34.572,-118.8358333,3
35.2678333,-118.6395,3
34.011,-117.36,3
35.3365,-118.5525,3
33.9823333,-118.5963333,3
34.3478333,-116.8306667,3
35.3456667,-118.5161667,3
35.3501667,-118.5028333,3
36.12,-117.8611667,3
35.0418333,-118.7973333,3
35.997,-120.4585,3
37.178,-118.1231667,3
35.7041667,-116.968,3
34.5698333,-116.6636667,3
33.9628333,-119.8636667,3
34.6045,-118.932,3
34.6063333,-118.9171667,3
34.4468333,-118.5631667,3
35.804,-116.8686667,3
33.7371667,-116.1531667,3
34.6683333,-118.7413333,3
35.7186667,-116.9558333,3
34.6296667,-117.0906667,3
34.3601667,-116.9411667,3
35.2858333,-118.5988333,3
34.6448333,-118.762,3
33.9313333,-118.5323333,3
34.6365,-117.1028333,3
35.0415,-117.6863333,3
35.059,-119.1051667,3
33.3601667,-116.7933333,3
34.5845,-118.8303333,3
35.0335,-117.6976667,3
33.3855,-116.3881667,3
35.8875,-120.4196667,3
35.26,-118.6296667,3
37.5248333,-118.5636667,3
34.8755,-118.9115,3
34.7855,-116.1433333,3
34.6216667,-118.742,3
35.5466667,-118.4255,3
34.3775,-116.8406667,3
33.5271667,-118.1561667,3
34.5903333,-118.8475,3
35.1415,-118.6201667,3
34.4011667,-116.8755,3
35.3335,-118.5201667,3
35.7798333,-120.3108333,3
35.8978333,-120.4271667,3
34.619,-118.7463333,3
34.6031667,-118.9231667,3
33.9833333,-117.2486667,3
34.6561667,-118.8063333,3
34.0441667,-118.7636667,3
34.0053333,-117.2663333,3
34.1085,-118.1196667,3
34.003,-117.2726667,3
34.6613333,-118.807,3
34.5691667,-116.9658333,3
33.8131667,-119.2638333,3
34.0163333,-117.3008333,3
34.6456667,-118.8238333,3
35.5541667,-118.4195,3
34.6328333,-117.076,3
34.6581667,-118.8118333,3
