52.623,159.779,3
42.084,143.899,2
-34.229,57.47,4
34.9581667,-118.998,3
30.648,91.601,2
9.669,127.099,2
-7.78,126.493,2
41.831,143.525,2
50.632,157.58,3
46.65,153.723,3
-4.588,145.014,2
56.304,-154.056,3
22.85,124.821,2
42.117,145.53,2
22.565,99.797,2
8.984,-84.228,1
53.031,161.217,3
52.827,159.725,3
-0.317,98.8,2
-14.53,-172.957,3
28.43,102.25,2
39.515,143.336,2
51.764,159.901,3
16.716,-98.883,3
-27.396,-113.925,1
-17.005,-173.369,3
36.458,136.242,2
-56.505,-25.792,0
7.013,-71.941,1
41.811,144.245,2
-15.443,-178.713,3
-31.672,-68.483,1
-0.36,29.914,4
-3.239,127.181,2
39.522,143.094,2
39.402,143.585,2
39.438,143.185,2
39.118,143.466,2
52.93,161.332,3
49.416,156.302,3
52.46,159.829,3
50.416,156.363,3
48.807,156.596,3
50.72,157.069,3
26.579,100.013,2
42.158,145.537,2
23.662,-108.76,3
-2.72,148.861,2
10.088,-85.211,1
41.666,144.429,2
-53.738,-54.183,0
42.874,-127.096,3
30.251,69.613,2
51.034,158.811,3
47.557,155.0,3
-29.723,-177.784,3
31.244,90.784,2
52.64,-166.906,3
-4.207,-81.143,1
-21.656,-174.46,3
42.198,145.516,2
42.105,145.258,2
41.984,145.948,2
-3.48,101.967,2
38.872,125.834,2
8.854,122.96,2
24.066,124.838,2
-56.763,-25.512,0
6.622,-78.818,1
-60.546,154.892,0
-29.736,-177.069,3
-15.199,-175.631,3
-4.987,150.482,2
-15.868,167.675,2
39.44,143.157,2
39.423,143.31,2
50.544,156.666,3
51.951,159.989,3
52.44,160.975,3
26.304,-110.89,3
12.149,-87.847,1
-52.186,139.725,2
39.49,95.528,2
52.717,-166.849,3
-4.316,29.977,4
-10.264,162.21,2
-10.821,165.457,2
-10.88,165.604,2
3.669,126.362,2
-14.168,66.862,4
3.733,126.642,2
11.333,141.337,2
41.964,142.718,2
42.03,145.255,2
29.814,131.208,2
24.365,122.104,2
42.8,145.051,2
-6.371,154.751,2
-6.37,154.612,2
-30.041,-71.572,1
-35.359,-106.215,1
-54.569,144.078,2
50.756,157.063,3
18.504,-73.797,1
33.224,101.159,2
50.671,157.951,3
49.847,156.943,3
49.432,156.834,3
51.589,159.611,3
35.7231667,-121.3278333,3
22.679,121.165,2
5.685,-77.367,1
-4.663,-106.244,1
11.303,-86.239,1
58.902,-136.942,3
42.779,145.583,2
51.929,159.026,3
-5.298,123.729,2
46.873,153.432,3
29.796,102.155,2
-30.652,-71.411,1
-23.164,-114.537,1
-52.618,25.557,0
41.933,142.719,2
33.172,142.121,2
-47.631,100.07,4
37.008,93.198,2
-34.133,-178.084,3
49.936,156.427,3
53.646,161.338,3
49.752,156.649,3
49.238,156.005,3
52.361,160.01,3
53.882,158.765,3
49.883,156.947,3
44.788,151.554,3
50.258,158.46,3
50.421,156.989,3
50.385,158.149,3
-5.706,149.918,2
50.175,156.929,3
-19.098,-174.634,3
-25.129,-176.321,3
49.212,156.184,3
20.479,119.97,2
39.733,95.438,2
42.721,146.086,2
41.763,144.282,2
-5.755,151.124,2
41.94,142.953,2
-69.722,157.985,0
-14.713,44.236,4
35.398,140.249,2
-20.872,-70.956,1
28.4,94.488,2
-23.735,-174.997,3
46.673,153.621,3
6.916,-82.382,1
-56.549,-121.678,0
-59.394,148.495,0
55.203,-160.422,3
34.345,91.861,2
40.234,-124.322,3
13.686,-45.79,1
39.353,143.501,2
39.318,143.409,2
53.352,161.288,3
50.132,156.864,3
49.751,159.054,3
52.687,161.772,3
53.109,160.959,3
52.97,162.023,3
51.912,160.337,3
52.956,159.454,3
49.452,155.784,3
16.97,-98.591,3
-22.204,169.928,2
7.361,-76.37,1
-12.9,66.206,4
11.214,-86.386,1
42.372,145.563,2
42.749,145.945,2
-7.138,-11.467,0
46.522,153.779,3
33.017,135.937,2
31.373,90.918,2
46.492,153.75,3
7.272,-82.305,1
41.928,144.706,2
-17.59,-176.255,3
-19.628,23.258,4
30.762,69.822,2
39.444,143.507,2
39.253,143.476,2
53.428,161.192,3
51.789,159.641,3
49.706,157.004,3
49.933,156.631,3
52.182,161.042,3
51.282,159.578,3
53.774,159.006,3
51.611,160.48,3
1.943,-29.469,1
49.522,156.884,3
52.99,160.53,3
49.068,156.264,3
9.828,122.59,2
50.951,-179.654,3
39.594,98.661,2
23.841,-108.014,3
23.337,-107.952,3
42.56,145.577,2
39.561,28.722,5
51.515,-173.219,3
-57.05,-25.564,0
18.54,120.997,2
18.805,120.987,2
30.891,91.651,2
30.367,91.759,2
37.435,78.739,2
5.863,-77.646,1
5.698,-77.531,1
14.168,-92.254,1
34.9731667,-119.0661667,3
-15.367,-172.944,3
0.559,-28.273,1
-19.54,-175.132,3
6.235,-82.494,1
-10.95,-14.953,0
37.441,20.642,5
53.035,161.228,3
31.464,87.446,2
38.7,112.799,2
-19.612,23.27,4
8.214,-83.295,1
-15.877,-173.06,3
52.492,160.74,3
52.686,160.386,3
51.685,159.543,3
51.884,160.213,3
52.076,160.471,3
52.219,160.57,3
50.991,159.33,3
29.682,86.506,2
48.824,156.47,3
32.9161667,-118.3051667,3
35.3568333,-118.8948333,3
30.974,90.774,2
28.208,57.001,5
40.029,41.544,5
41.692,144.02,2
34.036,83.842,2
16.416,-99.763,3
16.554,-86.345,1
39.118,143.145,2
37.404,69.817,5
2.56,97.182,2
6.728,-82.103,1
23.877,143.848,2
13.83,39.83,5
2.146,66.134,4
36.52,92.1,2
9.423,-84.378,1
36.841,35.496,5
35.2488333,-118.4966667,3
35.3041667,-118.4678333,3
2.362,97.057,2
30.492,91.776,2
38.596,125.589,2
7.863,-83.069,1
-0.008,-16.685,0
53.85,-164.634,3
28.138,93.905,2
9.523,-84.373,1
50.745,158.338,3
34.9881667,-118.8031667,3
35.332,-118.4628333,3
35.3516667,-118.954,3
35.1656667,-118.7993333,3
30.441,91.232,2
19.301,60.433,4
33.978,93.795,2
29.434,95.924,2
29.879,90.768,2
70.615,-15.139,5
26.621,95.068,2
28.305,-43.608,1
7.041,-35.725,1
37.144,-25.457,5
30.308,91.957,2
37.247,20.849,5
38.965,23.236,5
36.394,27.769,5
49.876,157.065,3
35.372,-118.5653333,3
40.008,24.991,5
37.904,20.059,5
72.822,4.808,5
70.65,-15.487,5
40.811,28.06,5
35.0,-119.0,3
38.128,58.158,5
37.174,20.599,5
37.601,20.596,5
63.731,-22.55,5
37.823,15.25,5
34.86,23.229,5
63.538,-23.752,5
40.526,23.474,5
36.392,29.657,5
37.409,20.645,5
40.261,25.839,5
69.978,-15.843,5
36.305,6.889,5
39.073,24.288,5
36.624,27.668,5
37.193,21.959,5
35.0198333,-118.8301667,3
35.143,27.833,5
37.252,20.357,5
35.1153333,-118.792,3
35.4026667,-118.8203333,3
35.0,-119.0,3
35.1,-118.48,3
34.996,-118.9301667,3
37.958,20.516,5
35.3776667,-118.6278333,3
35.045,-119.0936667,3
41.019,20.853,5
37.665,-118.198,3
35.1871667,-118.5636667,3
35.316,-118.4808333,3
34.9045,-118.9963333,3
35.069,-118.85,3
35.3416667,-118.5546667,3
36.1561667,-114.4613333,3
35.264,-118.5273333,3
35.1888333,-118.5956667,3
35.1,-118.8,3
34.5081667,-118.1741667,3
35.3301667,-118.4225,3
34.8536667,-118.879,3
34.9635,-122.9338333,3
34.926,-118.9803333,3
35.3181667,-118.4825,3
35.352,-119.0178333,3
35.0353333,-119.0768333,3
34.9086667,-118.989,3
35.0893333,-118.681,3
35.2915,-118.4773333,3
35.0575,-118.9516667,3
35.0791667,-118.7656667,3
34.9618333,-118.9083333,3
35.283,-118.5286667,3
35.2865,-118.4268333,3
35.4073333,-118.6436667,3
32.8071667,-118.381,3
35.0681667,-118.7025,3
35.0,-119.0333333,3
35.1743333,-118.7375,3
35.318,-118.4478333,3
35.3383333,-118.5593333,3
35.3458333,-118.9771667,3
35.179,-118.62,3
35.3015,-118.4758333,3
35.1,-118.8,3
34.9641667,-119.0995,3
34.974,-118.9135,3
34.997,-118.981,3
35.0,-119.0333333,3
35.0,-119.0333333,3
35.0,-119.0333333,3
35.2666667,-118.4975,3
35.1416667,-118.4668333,3
35.3128333,-118.4483333,3
34.9843333,-119.0238333,3
35.058,-118.4103333,3
35.2721667,-118.4988333,3
34.912,-118.9125,3
35.3453333,-118.5921667,3
35.284,-118.5418333,3
35.059,-118.6891667,3
35.2435,-118.5383333,3
35.3736667,-118.5711667,3
35.3005,-118.463,3
34.9821667,-119.0836667,3
35.1876667,-118.6441667,3
34.9676667,-118.9656667,3
35.2366667,-118.5856667,3
35.2363333,-118.5838333,3
35.1031667,-118.749,3
35.0203333,-119.2405,3
34.9686667,-118.9795,3
32.2638333,-115.1083333,3
35.2746667,-118.46,3
34.0141667,-117.222,3
35.0275,-118.9533333,3
33.9878333,-116.3608333,3
35.1235,-118.6223333,3
34.9356667,-118.8768333,3
34.8685,-118.9266667,3
34.9523333,-118.9656667,3
33.0671667,-115.6875,3
34.9496667,-118.928,3
35.266,-118.8865,3
35.321,-118.4125,3
35.2096667,-118.4768333,3
35.3758333,-118.8011667,3
35.345,-118.5973333,3
35.0,-119.0,3
35.25,-118.5573333,3
35.2698333,-118.473,3
35.3156667,-118.4873333,3
35.3216667,-118.546,3
35.1,-118.8,3
35.3001667,-118.4828333,3
34.8645,-118.9845,3
35.0153333,-118.7513333,3
35.1,-118.8,3
35.2851667,-118.5661667,3
35.1198333,-118.518,3
35.0493333,-118.6613333,3
35.2963333,-118.5743333,3
35.2828333,-118.4966667,3
35.2331667,-118.5378333,3
35.309,-118.4981667,3
34.8971667,-119.0141667,3
35.2911667,-118.4798333,3
35.4088333,-118.5888333,3
35.2991667,-118.5068333,3
35.445,-118.6433333,3
35.432,-118.6561667,3
35.2615,-118.424,3
35.3136667,-118.5478333,3
35.012,-119.0185,3
35.0168333,-118.9801667,3
35.319,-118.4695,3
35.1266667,-118.4315,3
35.3463333,-118.6036667,3
35.3423333,-118.8901667,3
35.2978333,-118.4748333,3
35.0255,-118.849,3
35.0178333,-118.5683333,3
35.089,-118.5853333,3
35.2433333,-118.5023333,3
35.2596667,-118.4445,3
35.027,-118.8585,3
35.3621667,-118.5281667,3
35.2613333,-118.5335,3
35.6685,-121.1466667,3
35.828,-121.0521667,3
35.3255,-118.5211667,3
34.8746667,-119.008,3
34.8923333,-119.0106667,3
35.4313333,-118.675,3
35.1181667,-118.8171667,3
35.133,-119.0268333,3
35.2836667,-118.398,3
35.1301667,-118.4488333,3
34.9776667,-118.9156667,3
35.1551667,-118.903,3
35.033,-118.8813333,3
35.2351667,-118.5116667,3
35.0313333,-119.0815,3
35.0503333,-119.0271667,3
35.286,-118.461,3
35.2975,-118.4713333,3
35.0656667,-119.1468333,3
34.9236667,-118.9626667,3
35.1128333,-118.997,3
35.2248333,-118.5616667,3
35.1975,-118.627,3
35.243,-118.5611667,3
35.1525,-118.6836667,3
35.2655,-118.5125,3
35.3616667,-118.5991667,3
35.0403333,-119.0075,3
35.3465,-118.597,3
35.0326667,-118.896,3
35.1136667,-118.7643333,3
35.5051667,-118.5263333,3
34.9446667,-119.0303333,3
35.0903333,-119.0601667,3
35.2953333,-118.456,3
35.2981667,-118.5391667,3
35.1235,-118.6191667,3
33.107,-115.9898333,3
34.9908333,-119.0648333,3
35.0,-119.0,3
35.0355,-118.9678333,3
35.3318333,-118.4843333,3
35.035,-118.9383333,3
35.3593333,-118.4381667,3
35.0558333,-118.8891667,3
36.6181667,-117.8705,3
32.0045,-115.1993333,3
35.3181667,-118.6126667,3
34.8916667,-118.8676667,3
35.0025,-119.036,3
35.3616667,-118.8416667,3
35.051,-118.9796667,3
35.3375,-118.8403333,3
35.2731667,-118.8466667,3
35.1625,-118.4123333,3
35.0261667,-118.9868333,3
35.028,-118.972,3
35.0273333,-119.0353333,3
35.1548333,-118.4753333,3
35.3186667,-118.5723333,3
35.4143333,-118.4076667,3
35.3053333,-118.4588333,3
35.3618333,-118.5688333,3
35.344,-118.5441667,3
35.357,-118.5943333,3
33.1265,-116.3515,3
35.2615,-118.5596667,3
35.3561667,-118.438,3
35.2223333,-118.6146667,3
35.3846667,-118.6306667,3
35.2788333,-118.4413333,3
35.4531667,-118.7973333,3
33.5566667,-119.2221667,3
35.2203333,-118.6091667,3
35.3556667,-118.5221667,3
35.3086667,-118.5026667,3
35.4816667,-118.659,3
34.999,-118.9596667,3
35.1443333,-118.7366667,3
35.2875,-118.5685,3
35.474,-118.649,3
35.3038333,-118.6053333,3
36.0088333,-117.8423333,3
35.0791667,-118.8011667,3
35.1283333,-118.6108333,3
35.0236667,-118.6165,3
35.3106667,-118.5881667,3
35.088,-118.5223333,3
35.0858333,-118.5988333,3
35.329,-118.502,3
34.9275,-118.9971667,3
35.6986667,-121.1163333,3
35.3683333,-118.8463333,3
35.4075,-118.7816667,3
33.858,-115.7773333,3
35.0313333,-118.9403333,3
34.9943333,-118.8213333,3
35.0798333,-118.7463333,3
35.256,-118.4348333,3
35.2393333,-118.625,3
35.0698333,-118.8995,3
35.0306667,-118.998,3
37.5501667,-118.53,3
35.0915,-119.0506667,3
35.3383333,-118.9353333,3
35.4946667,-118.5996667,3
35.1296667,-118.6291667,3
35.4681667,-118.382,3
35.5828333,-118.5173333,3
35.3126667,-118.507,3
35.344,-118.7515,3
34.008,-117.1798333,3
35.2043333,-119.0718333,3
35.141,-118.5571667,3
35.284,-118.5833333,3
35.4505,-118.6235,3
36.6676667,-120.9438333,3
34.9148333,-118.9435,3
34.9511667,-118.81,3
35.3465,-118.6473333,3
35.3256667,-118.4801667,3
34.4755,-118.196,3
35.05,-118.8291667,3
35.4186667,-118.5176667,3
35.0618333,-118.7353333,3
35.3821667,-118.6016667,3
31.9916667,-116.886,3
35.2903333,-118.476,3
35.371,-118.5991667,3
35.26,-118.6838333,3
35.3336667,-118.5043333,3
35.374,-118.526,3
35.2816667,-118.9371667,3
36.1158333,-118.3738333,3
35.3755,-118.6196667,3
35.057,-118.9815,3
35.0361667,-118.9083333,3
35.1441667,-118.7286667,3
35.0563333,-119.0016667,3
32.191,-116.7185,3
37.048,-116.0211667,3
35.1035,-118.7553333,3
35.1498333,-118.6223333,3
35.0951667,-118.6455,3
35.363,-118.927,3
36.0375,-120.2525,3
37.0841667,-116.0203333,3
32.5148333,-115.4191667,3
35.3703333,-118.4948333,3
34.9923333,-118.8223333,3
36.0,-115.0,3
35.0325,-118.3698333,3
35.3853333,-118.5723333,3
37.1386667,-116.1178333,3
35.0435,-118.8546667,3
34.0,-118.1958333,3
35.1711667,-118.7668333,3
33.036,-115.5511667,3
34.972,-118.9646667,3
36.6118333,-117.8901667,3
36.1,-114.7,3
34.149,-118.17,3
35.1308333,-118.8898333,3
35.7381667,-121.2553333,3
36.6045,-117.9443333,3
32.52,-115.5918333,3
33.3048333,-116.7586667,3
35.2768333,-118.6001667,3
35.0563333,-118.353,3
34.0863333,-120.7908333,3
37.0955,-116.1055,3
32.6086667,-117.3311667,3
35.2266667,-118.5438333,3
34.9158333,-118.8553333,3
35.1061667,-118.4216667,3
34.9763333,-119.0461667,3
35.372,-118.5381667,3
34.4286667,-121.0221667,3
37.053,-116.1055,3
35.391,-118.7316667,3
33.9306667,-116.2658333,3
35.3645,-118.4863333,3
35.2591667,-118.7605,3
33.862,-116.3081667,3
36.8113333,-115.7293333,3
35.2726667,-118.6146667,3
35.306,-118.4985,3
35.3661667,-118.5795,3
32.4448333,-115.5613333,3
32.8176667,-118.2503333,3
34.0725,-120.968,3
32.995,-116.9593333,3
31.6166667,-115.911,3
35.2011667,-118.4988333,3
31.9296667,-116.5488333,3
37.0841667,-116.0193333,3
35.2981667,-118.5123333,3
34.2321667,-119.4223333,3
35.5595,-118.379,3
33.2231667,-116.0243333,3
35.889,-117.7335,3
32.9261667,-115.4796667,3
35.2885,-118.6241667,3
35.3881667,-118.843,3
32.9251667,-118.197,3
35.283,-118.623,3
36.2518333,-117.3926667,3
35.7878333,-121.0678333,3
33.7456667,-118.6341667,3
34.0731667,-120.948,3
34.1801667,-119.6793333,3
32.902,-118.2761667,3
35.3166667,-118.6173333,3
32.8486667,-116.9563333,3
33.8618333,-115.5318333,3
35.1036667,-118.5136667,3
33.3851667,-116.3235,3
35.2443333,-118.617,3
34.3791667,-119.5656667,3
33.9501667,-115.6678333,3
35.1956667,-118.6541667,3
35.3856667,-118.616,3
34.9785,-119.0098333,3
35.438,-118.5698333,3
33.9608333,-115.7033333,3
32.4305,-116.281,3
35.2016667,-119.0453333,3
34.9556667,-119.013,3
36.0081667,-117.754,3
34.1661667,-119.7501667,3
35.4381667,-118.7246667,3
35.1228333,-119.0568333,3
32.1965,-116.587,3
34.0691667,-117.2268333,3
32.9581667,-117.7571667,3
33.4565,-117.7351667,3
32.3308333,-115.2765,3
33.9468333,-115.604,3
34.9923333,-118.978,3
35.3723333,-118.5678333,3
35.9863333,-120.3603333,3
35.119,-119.1591667,3
34.2101667,-119.6938333,3
34.0706667,-119.0203333,3
34.1436667,-119.4876667,3
35.3593333,-118.5486667,3
33.8486667,-115.6553333,3
37.225,-117.0311667,3
32.4556667,-117.6278333,3
33.948,-117.2,3
35.4266667,-118.7235,3
33.9303333,-115.7161667,3
32.9126667,-115.8815,3
35.197,-118.6188333,3
35.3333333,-118.53333,3
35.317,-118.517,3
35.9081667,-120.0618333,3
33.0935,-116.1011667,3
34.2743333,-119.7398333,3
34.269,-117.0948333,3
32.9451667,-118.3135,3
34.0951667,-119.356,3
33.972,-118.3148333,3
36.049,-120.44,3
34.8053333,-119.0993333,3
33.6976667,-115.9358333,3
34.4726667,-116.2625,3
33.9918333,-117.2555,3
34.981,-116.364,3
33.9735,-116.5821667,3
35.3405,-118.7885,3
35.316,-118.751,3
34.9333333,-118.6008333,3
37.5456667,-118.4403333,3
35.2683333,-118.5678333,3
34.149,-116.5138333,3
37.3068333,-117.586,3
36.9023333,-118.0421667,3
34.8788333,-119.0373333,3
32.896,-116.3258333,3
34.149,-118.17,3
36.0446667,-119.5051667,3
34.8815,-119.0115,3
32.8526667,-118.3023333,3
35.3615,-118.5513333,3
34.1463333,-119.6673333,3
33.0475,-116.759,3
35.256,-119.1101667,3
33.43,-118.2521667,3
33.3811667,-116.4171667,3
33.6001667,-117.1661667,3
32.8855,-118.2883333,3
34.128,-117.3315,3
36.1215,-117.8215,3
34.023,-117.0173333,3
32.6198333,-117.3303333,3
33.074,-116.447,3
33.2556667,-116.2388333,3
33.9838333,-117.2878333,3
35.343,-118.6405,3
34.2298333,-117.1653333,3
34.6131667,-119.0535,3
33.3818333,-116.3778333,3
36.7983,-115.9356,3
32.6275,-117.3213333,3
35.9273333,-117.3796667,3
35.7115,-118.0256667,3
34.301,-119.4846667,3
35.1453333,-119.0828333,3
33.8725,-119.197,3
35.235,-118.621,3
34.4565,-116.7711667,3
34.2098333,-119.6226667,3
33.994,-116.4056667,3
35.618,-118.1491667,3
32.9845,-116.4993333,3
33.9746667,-117.2126667,3
34.3036667,-116.4886667,3
34.201,-120.032,3
34.8728333,-116.4763333,3
34.0913333,-117.3275,3
34.1945,-117.536,3
34.9875,-116.9573333,3
34.2705,-116.4411667,3
33.9426667,-116.5898333,3
34.9508333,-118.8648333,3
32.2208333,-117.8021667,3
34.4293333,-116.3868333,3
34.499,-116.7493333,3
33.0636667,-116.4758333,3
33.1315,-116.0561667,3
34.0335,-115.9891667,3
33.1171667,-116.0708333,3
34.0636667,-117.251,3
33.5516667,-116.6633333,3
35.455,-118.39,3
35.0603333,-119.0561667,3
35.212,-118.631,3
34.024,-116.599,3
37.6261667,-118.5178333,3
32.8708333,-118.2758333,3
34.0256667,-116.7341667,3
32.6008333,-117.3193333,3
33.9628333,-116.9608333,3
37.6583333,-118.5911667,3
34.0455,-117.2218333,3
32.8636667,-118.2811667,3
34.915,-116.4181667,3
35.3678333,-117.3236667,3
34.5431667,-118.2331667,3
33.9636667,-117.2105,3
33.93,-117.25,3
34.1281667,-117.4743333,3
34.1623333,-116.856,3
34.9141667,-118.6508333,3
32.9263333,-118.2998333,3
33.2153333,-116.4888333,3
36.0261667,-117.8751667,3
33.3235,-118.7348333,3
33.0233333,-116.8298333,3
33.9275,-117.248,3
34.9791667,-119.2161667,3
34.0336667,-116.9425,3
33.9503333,-116.607,3
35.025,-117.0356667,3
34.1566667,-117.4668333,3
35.6371667,-116.429,3
33.1905,-115.9865,3
35.9118333,-117.767,3
34.1786667,-119.5293333,3
34.2501667,-117.1178333,3
33.1483333,-116.4888333,3
34.1231667,-117.4808333,3
33.4486667,-118.1686667,3
36.1,-114.7,3
35.7043333,-117.0663333,3
33.9635,-117.843,3
33.7765,-118.0158333,3
37.0438333,-117.8958333,3
34.3058333,-116.9975,3
33.9858333,-117.6098333,3
34.2296667,-117.1991667,3
34.0995,-116.9863333,3
35.213,-118.631,3
34.087,-117.3163333,3
35.337,-118.736,3
