53.257,159.732,3
-28.84,-177.209,3
22.078,121.105,2
44.63,-110.891,3
-20.407,-68.862,1
37.492,142.33,2
-7.776,156.328,2
-3.831,-81.686,1
-0.719,134.439,2
24.802,122.6,2
54.101,159.953,3
-28.572,-176.778,3
-10.658,161.564,2
45.782,151.172,3
37.844,20.568,5
-59.674,-26.134,0
27.204,129.651,2
-23.07,-64.907,1
17.445,-97.154,3
-16.275,173.065,2
0.041,120.119,2
-5.409,102.816,2
-59.572,-25.764,0
14.548,-92.31,1
-16.197,172.946,2
50.607,-130.524,3
21.964,121.396,2
37.468,143.009,2
43.972,140.743,2
44.598,80.939,5
43.371,144.509,2
43.429,144.467,2
-31.336,-178.67,3
-5.088,152.508,2
-16.759,-176.954,3
18.22,-94.416,3
-21.81,-179.406,3
-28.786,-176.693,3
-54.384,-27.603,0
-27.81,-70.961,1
53.467,158.83,3
54.935,167.951,3
-4.919,153.491,2
44.812,-110.864,3
-28.628,-177.166,3
-5.577,151.137,2
-5.59,151.377,2
43.425,144.373,2
27.118,129.7,2
-10.093,120.319,2
-15.376,-173.193,3
-3.19,148.475,2
20.944,120.821,2
-36.667,78.65,4
41.012,-125.247,3
-20.947,169.258,2
-50.408,139.394,2
40.935,19.82,5
-3.504,146.291,2
-28.675,-176.523,3
43.339,-128.022,3
-5.482,102.823,2
19.115,121.132,2
24.397,-109.119,3
28.615,127.511,2
29.926,79.9,2
-8.143,127.824,2
7.251,144.841,2
35.25,-35.791,5
-50.612,-72.666,0
35.113,24.632,5
21.144,121.207,2
41.767,79.926,5
51.867,-171.967,3
54.869,162.793,3
-50.582,139.193,2
52.732,107.088,2
-4.499,122.647,2
0.858,129.03,2
-9.686,156.365,2
-28.762,-177.271,3
38.78,75.311,5
-28.848,-71.151,1
6.577,-82.615,1
-34.87,-108.837,1
28.632,127.491,2
13.452,146.13,2
-8.594,126.693,2
14.324,-92.675,1
-1.088,-81.204,1
51.142,-171.28,3
-5.826,149.634,2
27.393,128.536,2
39.404,-118.171,3
-36.233,76.622,4
-44.975,-80.377,1
-6.021,148.886,2
51.275,-176.876,3
-28.241,-70.823,1
-55.493,-129.252,0
-9.257,122.504,2
-7.194,155.172,2
44.819,-111.659,3
-50.307,139.285,2
-36.708,78.534,4
-24.255,-176.361,3
-57.697,-25.07,0
-13.628,-111.667,1
-18.073,168.172,2
40.875,19.84,5
-28.136,-176.704,3
41.663,69.85,5
-28.82,-177.274,3
-10.768,110.684,2
44.482,80.676,5
44.407,149.291,3
-16.437,-73.023,1
-35.334,-106.736,1
-15.068,-75.856,1
-21.984,171.614,2
-8.939,67.239,4
52.217,-171.173,3
37.22,-24.509,5
70.867,7.448,5
-9.743,160.983,2
51.735,-176.19,3
49.913,157.488,3
-15.136,-172.742,3
27.602,-20.864,5
6.827,-82.213,1
41.334,143.08,2
11.18,-86.572,1
36.957,28.632,5
33.218,92.72,2
51.174,-177.003,3
-6.263,156.227,2
20.897,120.818,2
-25.542,-175.924,3
15.961,-98.048,3
22.116,121.064,2
41.02,19.809,5
0.921,128.959,2
-3.222,146.768,2
-28.836,-176.136,3
-23.808,-175.389,3
-8.718,157.775,2
-23.738,-175.779,3
-54.798,-136.26,0
11.77,-86.535,1
-4.494,138.022,2
51.883,-131.458,3
18.61,119.577,2
37.32,141.42,2
49.192,-28.451,5
49.824,-177.652,3
-7.849,121.794,2
15.915,-90.499,1
-55.12,146.421,2
34.138,141.533,2
-5.426,146.546,2
23.912,122.397,2
8.331,-82.916,1
11.314,-86.56,1
-36.427,-98.484,1
-3.923,135.615,2
53.599,160.53,3
44.351,149.361,3
31.539,131.846,2
-25.574,-176.096,3
-25.338,-175.857,3
-0.119,-17.711,0
-6.597,105.339,2
-1.327,67.533,4
-21.554,-174.555,3
-1.329,-23.849,0
-61.924,154.905,0
0.826,129.189,2
-9.64,148.859,2
26.054,128.724,2
1.999,98.043,2
-8.894,157.937,2
36.231,88.708,2
0.69,-26.414,1
-19.718,174.689,2
26.05,128.593,2
32.2163333,-115.7541667,3
17.983,-105.442,3
-15.803,-172.89,3
50.92,-177.472,3
-18.418,-175.763,3
-18.285,-176.055,3
9.254,-84.035,1
37.511,142.618,2
-30.814,-79.129,1
51.734,-173.81,3
27.604,96.459,2
44.277,83.571,5
37.227,143.129,2
20.366,120.688,2
-0.851,128.402,2
12.676,143.168,2
58.272,-152.028,3
11.956,-87.721,1
33.068,68.183,5
-23.059,-114.085,1
11.889,-86.585,1
6.046,-82.614,1
30.247,131.211,2
-18.469,168.544,2
44.27,148.688,2
-0.067,119.823,2
-14.28,168.083,2
56.157,-153.636,3
56.275,-153.631,3
-10.24,161.077,2
-55.511,146.327,2
-11.205,163.01,2
22.301,121.176,2
44.864,-110.754,3
-38.767,78.032,4
25.086,96.127,2
36.479,68.189,5
-53.284,23.318,0
-29.257,-177.066,3
35.583,138.376,2
83.435,114.894,5
83.653,113.759,5
21.544,92.426,2
-19.393,174.05,2
30.351,140.402,2
-56.564,-23.88,0
44.136,148.985,3
15.585,53.338,4
13.623,51.704,4
45.922,150.87,3
44.237,149.83,3
-18.756,169.904,2
-19.016,169.989,2
-19.083,169.822,2
37.178,70.038,5
39.027,-118.931,3
61.7,-27.537,5
-21.008,167.894,2
19.091,-68.1,1
15.726,-97.819,3
38.893,70.385,5
12.183,125.168,2
-6.359,155.041,2
-28.992,-176.862,3
40.736,19.735,5
65.902,136.877,3
-23.426,-175.904,3
-23.945,-175.089,3
7.764,-36.666,1
37.748,29.457,5
74.727,8.479,5
44.646,6.844,5
36.969,28.711,5
41.897,41.996,5
2.604,126.272,2
15.699,-97.964,3
50.254,142.669,2
40.78,27.715,5
35.39,110.669,2
-14.925,26.472,4
54.953,163.109,3
35.582,-3.197,5
-10.428,161.405,2
19.795,-65.346,1
51.114,179.707,3
42.309,143.049,2
40.811,74.658,5
83.551,113.728,5
45.117,-28.028,5
38.817,26.614,5
36.166,21.773,5
37.321,23.699,5
36.484,51.299,5
26.147,90.19,2
35.484,23.549,5
41.779,72.601,5
15.517,-98.14,3
39.22,104.281,2
52.762,107.148,2
39.287,41.463,5
43.539,-29.01,5
39.612,74.265,5
39.177,41.599,5
37.753,20.199,5
37.901,20.168,5
32.0798333,-115.8825,3
43.773,149.308,3
46.477,154.112,3
84.035,-2.556,5
47.987,-3.943,5
36.601,29.166,5
37.437,20.952,5
39.848,23.4,5
36.057,4.497,5
45.696,20.98,5
45.749,27.502,5
38.668,70.467,5
38.656,49.381,5
39.786,48.4,5
36.998,22.225,5
40.748,19.923,5
40.93,19.815,5
35.571,-3.181,5
53.943,-35.141,5
40.37,73.397,5
36.262,2.599,5
36.688,29.191,5
71.526,-1.432,5
51.387,159.869,3
40.527,29.413,5
39.636,42.435,5
46.397,12.997,5
39.904,22.836,5
36.625,26.493,5
46.497,12.759,5
41.57,20.724,5
35.939,23.694,5
37.5005,-118.4168333,3
37.427,20.953,5
46.377,-3.804,5
42.263,23.698,5
44.031,18.81,5
40.792,19.51,5
83.577,114.109,5
42.687,19.969,5
63.724,-19.564,5
71.765,-1.943,5
41.096,22.911,5
31.3351667,-116.0925,3
31.5651667,-115.9798333,3
32.0228333,-115.8518333,3
36.1653333,-118.0525,3
34.4203333,-120.5771667,3
35.178,-119.0868333,3
32.15,-115.8,3
30.8571667,-116.5465,3
32.1515,-115.7708333,3
31.9285,-115.023,3
32.5351667,-115.9855,3
32.1938333,-115.7771667,3
32.0576667,-115.8698333,3
33.1255,-116.4576667,3
32.024,-115.8601667,3
34.0166667,-116.565,3
36.1288333,-118.0671667,3
32.1988333,-115.8003333,3
32.0818333,-115.7703333,3
32.4808333,-115.9125,3
32.0648333,-116.2415,3
32.1803333,-115.7536667,3
32.2811667,-115.7278333,3
31.9438333,-115.739,3
32.0665,-115.9273333,3
32.226,-115.7816667,3
32.0386667,-115.9005,3
33.7401667,-115.9743333,3
32.177,-115.7466667,3
35.7503333,-118.035,3
31.9931667,-116.0416667,3
36.1626667,-118.0671667,3
37.4131667,-118.5408333,3
38.1663333,-118.0663333,3
31.8143333,-115.9006667,3
31.963,-115.8166667,3
32.1223333,-115.871,3
33.495,-116.762,3
32.0223333,-115.8915,3
32.1613333,-115.802,3
31.4881667,-116.1008333,3
31.4336667,-116.0725,3
33.2341667,-116.7631667,3
36.1586667,-118.0596667,3
31.6188333,-116.2906667,3
36.8181667,-116.1945,3
32.1063333,-115.7813333,3
33.9658333,-116.4876667,3
36.1005,-120.7986667,3
33.9591667,-117.8265,3
32.1255,-115.803,3
38.0978333,-118.3485,3
35.9618333,-117.8868333,3
31.9651667,-116.018,3
31.9518333,-115.985,3
32.097,-115.8653333,3
32.0806667,-115.912,3
37.4783333,-118.4528333,3
38.1016667,-118.2376667,3
38.1386667,-118.2231667,3
31.727,-115.8646667,3
32.3513333,-115.0433333,3
32.1946667,-115.737,3
32.3863333,-115.1125,3
33.9848333,-116.8441667,3
32.2221667,-115.8115,3
32.2223333,-115.8068333,3
32.0296667,-115.9466667,3
31.9493333,-116.0463333,3
33.4335,-116.6023333,3
32.6228333,-115.8571667,3
32.1766667,-115.9525,3
31.573,-116.3883333,3
31.9845,-115.706,3
31.1436667,-116.4143333,3
35.6628333,-121.3018333,3
32.1198333,-115.7933333,3
32.0578333,-115.8505,3
32.0041667,-115.825,3
32.13,-115.7736667,3
33.9881667,-117.2275,3
33.989,-117.7845,3
32.0886667,-115.8381667,3
32.0955,-115.8133333,3
36.1546667,-118.0458333,3
32.1085,-115.8921667,3
31.5658333,-116.4543333,3
32.1235,-115.79,3
37.0375,-117.9468333,3
32.4493333,-115.5303333,3
35.7496667,-118.0301667,3
32.168,-115.8018333,3
31.9931667,-115.7705,3
32.2856667,-115.7246667,3
32.3021667,-115.2338333,3
31.7895,-116.7596667,3
32.1365,-115.7931667,3
32.164,-115.7858333,3
36.366,-120.5945,3
36.138,-118.0735,3
37.3593333,-118.5515,3
35.3921667,-118.6823333,3
36.1768333,-118.0546667,3
32.1183333,-115.8191667,3
35.7291667,-118.0056667,3
32.0575,-115.9426667,3
36.9688333,-117.9791667,3
31.9735,-116.0163333,3
35.8011667,-117.6801667,3
32.3843333,-115.7596667,3
32.1113333,-115.841,3
32.1621667,-115.7685,3
32.1723333,-115.7496667,3
33.6161667,-115.9626667,3
32.1046667,-115.961,3
32.7328333,-115.3941667,3
32.9255,-115.681,3
37.6728333,-118.6751667,3
34.2683333,-117.1478333,3
35.2696667,-118.5896667,3
33.9998333,-117.7688333,3
31.814,-116.5706667,3
33.0201667,-115.8501667,3
33.1425,-119.9541667,3
35.244,-118.5958333,3
35.1448333,-118.5386667,3
32.1443333,-115.9453333,3
32.1325,-115.881,3
32.22,-115.7676667,3
32.0775,-115.8896667,3
35.2168333,-119.1415,3
34.0021667,-117.537,3
35.7655,-118.022,3
33.925,-116.301,3
35.1865,-119.2091667,3
31.9981667,-116.001,3
36.1785,-118.0366667,3
32.082,-115.8688333,3
35.0726667,-116.7553333,3
35.757,-118.0185,3
34.037,-117.5651667,3
36.1105,-118.0418333,3
36.5985,-117.165,3
35.7891667,-117.7113333,3
36.1435,-118.0715,3
33.1023333,-115.6255,3
33.461,-116.5125,3
34.139,-117.0083333,3
32.8146667,-118.347,3
34.0561667,-119.009,3
33.0965,-115.614,3
34.115,-117.318,3
35.911,-117.4381667,3
35.369,-118.6021667,3
32.1525,-115.8491667,3
36.0003333,-119.74,3
33.3388333,-116.968,3
34.3531667,-119.5843333,3
33.4065,-116.4748333,3
34.0998333,-116.5233333,3
34.2471667,-119.438,3
36.3768333,-120.3185,3
35.772,-117.7056667,3
35.961,-117.9238333,3
36.3775,-120.273,3
33.1,-116.4315,3
34.0666667,-116.534,3
35.8395,-117.7006667,3
35.3228333,-118.577,3
33.019,-117.7378333,3
33.9843333,-116.4378333,3
36.1458333,-118.0498333,3
34.6238333,-117.0901667,3
31.9388333,-116.2218333,3
34.0138333,-116.7145,3
33.9558333,-117.8016667,3
35.8103333,-117.6965,3
34.006,-116.6408333,3
34.4755,-116.6561667,3
35.8381667,-117.6538333,3
33.3625,-116.3635,3
35.333,-118.5655,3
35.993,-117.971,3
35.7768333,-117.703,3
33.1098333,-116.4463333,3
33.9731667,-115.836,3
35.9576667,-117.9275,3
34.0466667,-116.8983333,3
35.2533333,-118.6706667,3
33.9603333,-117.8055,3
35.7595,-118.007,3
35.4321667,-118.3541667,3
35.1086667,-118.9958333,3
34.0918333,-116.437,3
35.9486667,-117.909,3
36.1431667,-118.0428333,3
33.522,-118.3568333,3
35.7386667,-118.2118333,3
33.386,-116.7641667,3
34.9333333,-117.1401667,3
34.2091667,-116.1328333,3
35.2318333,-118.5386667,3
34.1961667,-116.956,3
35.7575,-118.0475,3
35.3825,-118.7126667,3
34.9151667,-116.9296667,3
35.1171667,-116.7085,3
34.1045,-116.1363333,3
35.3383333,-118.9833333,3
35.4961667,-118.6643333,3
35.4806667,-118.5736667,3
35.7763333,-118.0473333,3
35.4493333,-118.6818333,3
33.9796667,-117.8093333,3
33.902,-115.8526667,3
35.2738333,-118.601,3
35.5048333,-118.7305,3
35.5416667,-118.4278333,3
34.0346667,-117.7831667,3
35.3165,-118.5995,3
34.5888333,-117.1641667,3
32.2925,-115.855,3
35.4011667,-118.7061667,3
35.1878333,-119.0663333,3
35.3478333,-118.6096667,3
34.5811667,-116.8621667,3
35.7783333,-118.0281667,3
35.7868333,-118.0338333,3
33.903,-118.451,3
34.1563333,-116.2581667,3
35.343,-118.5553333,3
33.9666667,-117.8081667,3
35.3988333,-118.5493333,3
34.0265,-116.9826667,3
34.4868333,-119.395,3
35.3895,-118.5991667,3
35.386,-118.6405,3
35.6241667,-117.1945,3
33.3121667,-118.5093333,3
33.4955,-116.4996667,3
35.3281667,-118.602,3
33.7296667,-119.3071667,3
35.0593333,-119.006,3
34.9108333,-117.0011667,3
33.955,-117.799,3
35.2366667,-118.6826667,3
33.2083333,-119.1248333,3
34.1733333,-116.1695,3
35.0391667,-119.0718333,3
35.3673333,-118.594,3
34.9551667,-116.7365,3
34.996,-117.0813333,3
34.5645,-117.2198333,3
35.4781667,-118.3978333,3
34.7073333,-116.4856667,3
35.2321667,-118.5426667,3
33.9665,-117.8055,3
35.2656667,-118.3618333,3
34.0888333,-117.6235,3
34.2508333,-117.5323333,3
35.3435,-118.5918333,3
36.09,-118.112,3
34.6203333,-117.1221667,3
33.959,-117.8118333,3
34.1473333,-117.0021667,3
33.9773333,-117.8123333,3
34.2283333,-117.4076667,3
32.9656667,-117.791,3
33.8331667,-118.0476667,3
33.8608333,-118.0485,3
33.0218333,-117.976,3
35.0346667,-118.359,3
34.1998333,-117.12,3
33.8313333,-117.7265,3
33.9538333,-118.4608333,3
35.1308333,-118.6183333,3
33.9353333,-118.6525,3
32.7978333,-118.2138333,3
34.1933333,-117.5408333,3
33.9816667,-117.2501667,3
33.9748333,-118.483,3
33.9215,-117.323,3
33.9653333,-118.37,3
