51.499,-175.626,3
-20.948,-66.713,1
17.055,-99.092,3
55.75,161.134,3
56.177,116.409,2
-20.541,-178.349,3
36.405,28.699,5
51.419,-178.87,3
5.327,127.005,2
52.691,-169.191,3
51.481,-177.243,3
51.196,-176.733,3
53.778,-165.771,3
-15.02,-173.381,3
36.493,28.829,5
40.73,31.09,5
-1.723,136.592,2
51.339,-178.602,3
55.869,-153.964,3
43.943,130.462,2
23.965,121.577,2
52.351,-169.547,3
-4.509,107.116,2
-25.552,-70.036,1
52.925,-171.345,3
51.093,-176.981,3
51.518,-175.135,3
53.312,-166.949,3
51.534,-175.201,3
23.655,121.517,2
52.319,-168.396,3
52.67,-167.889,3
10.317,126.216,2
52.599,-168.135,3
10.336,126.191,2
10.127,126.153,2
51.657,-173.934,3
51.425,-178.721,3
6.868,-72.095,1
36.277,52.778,5
51.232,-179.089,3
51.286,-130.756,3
-38.343,177.657,2
52.571,-168.561,3
33.187,137.59,2
39.323,22.701,5
51.729,-173.041,3
51.297,-178.952,3
51.587,-173.589,3
52.227,-166.354,3
-30.525,-178.096,3
17.866,120.341,2
-29.901,-177.717,3
-23.409,-70.94,1
10.387,-103.647,3
12.221,123.959,2
50.057,156.229,3
-32.784,-179.165,3
52.47,-168.149,3
53.747,159.138,3
39.233,22.542,5
51.191,-178.214,3
52.762,-167.129,3
53.823,-165.218,3
30.521,84.348,2
-16.542,176.867,3
51.283,-177.204,3
10.824,-62.706,1
50.388,156.455,3
6.64,-82.64,1
53.756,-164.648,3
-27.261,-175.813,3
50.291,105.331,2
52.011,-172.133,3
-0.973,137.053,2
-55.853,-123.273,0
52.489,-168.74,3
52.474,-168.728,3
21.827,144.215,2
14.212,95.745,2
-25.692,170.114,2
7.484,-82.663,1
-45.43,34.859,4
-18.82,-63.806,1
-1.925,-80.99,1
-47.792,99.925,4
33.686,139.647,2
-22.478,-174.927,3
52.801,-167.416,3
-12.683,-77.805,1
9.998,126.403,2
10.14,126.366,2
18.255,-78.148,1
51.638,-170.718,3
51.424,-179.649,3
51.399,-178.621,3
2.073,97.15,2
53.664,-165.637,3
-6.118,147.813,2
6.984,126.869,2
-8.89,107.362,2
-34.01,56.342,4
24.31,93.894,2
-2.025,136.728,2
-60.518,151.233,0
10.394,-42.008,1
52.308,-169.636,3
24.79,-109.245,3
-13.617,166.938,2
-7.181,155.579,2
34.25,139.394,2
48.752,-28.061,5
52.426,-168.127,3
41.32,-126.189,3
-5.868,151.196,2
51.657,-171.314,3
-6.044,152.597,2
50.971,-130.41,3
15.452,-98.089,3
-3.929,136.411,2
50.097,-176.9,3
3.7,-76.752,1
-20.85,-174.065,3
41.155,142.845,2
51.856,-176.222,3
14.226,95.657,2
-23.805,-175.784,3
-6.693,155.399,2
-17.969,169.35,2
-3.607,145.019,2
-17.831,169.226,2
-10.05,160.863,2
-10.253,161.109,2
36.424,71.176,5
51.288,-178.681,3
16.989,-85.682,1
5.771,127.312,2
-1.056,126.97,2
52.426,160.278,3
-1.756,116.012,2
1.568,-85.224,1
51.33,157.698,3
-1.816,115.975,2
51.198,-176.444,3
52.374,-168.527,3
6.439,-77.49,1
-36.242,76.588,4
33.681,139.664,2
51.733,-176.97,3
36.14,21.558,5
39.209,22.712,5
51.146,-170.77,3
51.36,-179.414,3
51.915,-165.96,3
52.362,-171.106,3
51.336,-176.852,3
14.232,-92.863,1
52.166,-169.62,3
52.559,-168.251,3
8.302,-82.912,1
51.285,-168.298,3
30.841,84.297,2
51.767,-173.553,3
36.273,28.902,5
-8.832,107.138,2
-60.5,-24.277,0
51.219,-171.288,3
53.131,-167.6,3
40.62,30.86,5
3.596,126.807,2
-15.225,-173.086,3
57.881,-137.814,3
50.1,-178.996,3
-6.066,104.14,2
-20.438,-173.981,3
-33.342,-178.83,3
-29.79,-71.135,1
16.605,-99.414,3
24.077,121.793,2
-15.273,-176.305,3
33.759,-38.582,5
10.942,-62.668,1
51.568,159.445,3
-8.317,110.178,2
-14.73,168.138,2
-24.285,-175.764,3
-6.409,146.907,2
-1.841,115.937,2
20.78,-109.003,3
43.746,130.668,2
-20.124,-174.074,3
25.689,-45.26,1
1.013,-90.594,1
48.007,155.156,3
32.76,-39.677,1
51.035,-178.619,3
52.022,-166.973,3
14.445,-92.366,1
1.717,126.492,2
12.045,-87.508,1
50.868,179.513,3
51.403,-176.195,3
52.205,-171.341,3
29.961,138.991,2
42.811,145.304,2
50.974,-177.168,3
16.586,-99.934,3
-10.255,160.685,2
20.718,145.2,2
18.08,147.161,2
-14.871,-173.118,3
49.942,156.343,3
10.927,-62.665,1
-6.319,69.688,4
-14.995,168.226,2
47.074,154.173,3
-45.737,-106.935,1
26.611,96.208,2
23.38,94.122,2
-4.805,28.734,4
-15.549,-172.775,3
15.982,-96.591,3
25.62,-45.342,1
2.099,96.877,2
51.396,-171.284,3
51.582,-178.392,3
50.794,-173.084,3
50.915,-173.12,3
50.856,-173.172,3
51.035,-173.093,3
50.293,-176.866,3
48.211,-128.809,3
51.365,-179.074,3
52.297,-168.48,3
52.404,-168.569,3
72.028,-68.173,3
43.525,135.948,2
40.701,30.992,5
51.109,-179.275,3
36.477,70.64,5
-6.953,85.068,2
51.474,-166.804,3
-30.555,-178.359,3
-21.694,33.386,4
-19.62,-174.158,3
14.204,-92.149,1
16.079,-99.84,3
1.018,125.955,2
39.331,72.839,5
-15.76,-172.11,3
5.868,126.914,2
53.685,-165.385,3
35.238,27.718,5
34.271,139.355,2
51.058,-179.261,3
31.522,35.487,5
50.902,160.567,3
8.081,-103.236,3
37.557,-122.724,3
52.195,-169.056,3
53.399,142.453,3
48.758,156.122,3
52.256,-169.551,3
-15.301,-172.553,3
45.992,151.676,3
-0.816,-13.07,0
-35.697,-179.487,2
-7.34,-12.658,0
-7.266,111.714,2
-0.816,127.383,2
35.205,27.314,5
44.837,149.504,3
52.953,-167.637,3
5.901,95.138,2
42.52,42.352,5
35.648,-34.627,5
12.992,-91.076,1
43.989,147.892,2
52.371,-168.916,3
39.271,22.868,5
40.641,30.854,5
52.687,-34.972,5
52.698,162.684,3
31.671,67.194,5
56.305,116.867,2
51.5,159.504,3
-1.71,26.777,4
39.106,74.411,5
28.333,53.658,5
43.348,146.206,2
39.249,22.696,5
36.771,21.519,5
36.232,8.836,5
39.169,22.667,5
34.892,52.741,5
44.565,33.156,5
39.232,22.723,5
11.24,43.224,4
36.579,70.804,5
36.859,51.691,5
40.773,30.976,5
53.848,-164.644,3
39.067,40.41,5
50.45,-177.457,3
79.751,2.071,5
37.538,69.446,5
8.781,-84.09,1
39.289,22.629,5
38.78,70.51,5
40.799,30.777,5
40.826,34.333,5
34.402,26.762,5
37.609,141.002,2
38.505,14.192,5
38.726,14.17,5
40.715,30.968,5
35.944,1.388,5
38.75,20.402,5
46.458,-27.646,5
40.043,29.91,5
38.364,22.295,5
39.258,22.813,5
35.5206667,-123.0771667,3
40.757,31.048,5
36.356,-7.272,5
33.119,-115.6808333,3
38.462,21.813,5
33.2226667,-116.0285,3
33.2736667,-116.0103333,3
34.1461667,-119.203,3
32.9023333,-115.965,3
33.0621667,-116.3735,3
33.9823333,-116.3263333,3
37.8048333,-119.3968333,3
32.2413333,-115.531,3
30.9,-116.0,3
31.6678333,-115.6746667,3
31.3265,-115.921,3
31.3731667,-115.771,3
31.5565,-115.6518333,3
31.836,-115.5518333,3
33.1,-115.7,3
31.593,-115.6043333,3
33.1633333,-115.7333333,3
33.0603333,-115.7715,3
32.4208333,-114.9508333,3
31.595,-115.6721667,3
32.0025,-116.5365,3
31.9986667,-116.0835,3
31.7731667,-116.4083333,3
36.4976667,-120.839,3
35.9795,-117.488,3
31.661,-116.279,3
32.9775,-116.2876667,3
32.015,-115.6836667,3
31.5345,-115.4588333,3
31.6263333,-115.6228333,3
33.7213333,-115.9653333,3
32.1303333,-115.095,3
31.9318333,-115.6668333,3
31.5253333,-115.989,3
33.0658333,-116.428,3
32.9776667,-116.2881667,3
32.1915,-115.8128333,3
31.8901667,-116.2078333,3
31.9455,-116.053,3
33.0083333,-115.5493333,3
31.6923333,-115.75,3
31.1988333,-115.9216667,3
31.8061667,-115.9468333,3
32.0271667,-115.7951667,3
31.2903333,-116.17,3
37.1951667,-121.4965,3
31.8001667,-115.8761667,3
35.2608333,-118.6121667,3
35.2565,-118.551,3
31.2598333,-115.6585,3
31.8048333,-115.6811667,3
31.807,-116.344,3
30.9653333,-115.8158333,3
35.7981667,-118.0205,3
31.8061667,-116.2653333,3
31.4666667,-116.123,3
31.6663333,-116.1873333,3
31.9381667,-114.8665,3
31.0636667,-115.6246667,3
37.3901667,-117.9671667,3
31.5878333,-116.0991667,3
31.5833333,-115.7023333,3
31.7073333,-115.5896667,3
37.0,-122.0,3
31.9696667,-115.8743333,3
33.7088333,-115.5533333,3
31.3465,-116.6723333,3
31.7158333,-115.8043333,3
31.8428333,-116.188,3
33.24,-115.9896667,3
34.1861667,-116.747,3
33.1251667,-116.4218333,3
33.077,-115.6321667,3
31.6758333,-115.9785,3
37.7358333,-118.6083333,3
35.2435,-118.6243333,3
31.7731667,-115.9703333,3
31.6591667,-116.1955,3
33.1743333,-116.0496667,3
33.1298333,-116.4363333,3
31.66,-116.2683333,3
31.5875,-115.8053333,3
31.6203333,-116.3073333,3
35.672,-117.4491667,3
32.869,-118.12,3
34.4141667,-120.7605,3
33.0668333,-116.3966667,3
35.075,-118.6266667,3
33.4498333,-116.5663333,3
33.7343333,-115.7716667,3
31.5051667,-116.0558333,3
32.3081667,-116.2315,3
33.0208333,-116.0981667,3
35.458,-118.362,3
32.1873333,-115.4971667,3
35.2715,-118.5915,3
33.8841667,-114.9198333,3
33.1076667,-116.3835,3
31.8875,-115.8225,3
34.5403333,-121.0125,3
37.618,-118.4171667,3
31.9556667,-115.8188333,3
33.0443333,-115.3703333,3
35.0098333,-119.0835,3
31.9533333,-115.882,3
31.628,-116.333,3
35.2941667,-118.6093333,3
32.3263333,-116.0125,3
35.0818333,-119.1258333,3
34.187,-116.9738333,3
36.9856667,-118.229,3
35.1606667,-120.9581667,3
34.9656667,-116.9561667,3
32.0145,-115.9725,3
35.4461667,-118.6713333,3
33.837,-115.6706667,3
35.2008333,-118.6383333,3
36.0526667,-120.5151667,3
33.8246667,-115.7931667,3
33.6518333,-118.1268333,3
33.3395,-116.3575,3
33.0455,-115.5453333,3
34.099,-117.3001667,3
33.1,-115.7,3
33.1,-115.7,3
32.4973333,-119.3295,3
34.003,-117.037,3
33.7156667,-115.9495,3
34.4445,-120.1161667,3
34.15,-117.6021667,3
33.7813333,-118.6245,3
32.0148333,-116.0243333,3
34.027,-117.2546667,3
34.3845,-117.0408333,3
35.3831667,-118.6378333,3
37.5038333,-118.7736667,3
33.1,-115.7,3
33.0948333,-116.0536667,3
34.1636667,-116.9953333,3
32.712,-115.4843333,3
33.8148333,-117.014,3
34.259,-119.8768333,3
32.3378333,-118.2493333,3
33.1,-115.7,3
33.1,-115.7,3
34.2365,-116.9505,3
33.168,-115.5186667,3
35.075,-119.1135,3
35.3868333,-118.6763333,3
33.2833333,-116.0253333,3
35.3816667,-118.6376667,3
33.1,-117.42,3
35.9735,-117.448,3
33.202,-116.0385,3
33.6605,-115.8803333,3
33.1,-115.7,3
36.2608333,-118.0183333,3
34.7133333,-120.2718333,3
33.81,-115.578,3
33.335,-116.2166667,3
33.732,-115.9558333,3
35.3316667,-118.6298333,3
34.1326667,-117.4586667,3
35.2773333,-118.6361667,3
32.3825,-118.2206667,3
35.0361667,-119.0483333,3
34.8891667,-118.9813333,3
33.0551667,-116.6106667,3
33.8595,-120.2088333,3
33.0691667,-116.5606667,3
35.0803333,-118.6981667,3
34.1086667,-117.311,3
35.1215,-118.6163333,3
34.0218333,-119.2968333,3
35.3883333,-118.7991667,3
32.9531667,-115.8741667,3
34.131,-117.4195,3
36.1986667,-117.9148333,3
35.1513333,-119.9655,3
35.0096667,-119.074,3
34.2498333,-119.8675,3
35.6833333,-118.052,3
35.3543333,-118.5541667,3
35.0805,-119.1261667,3
33.9655,-117.8918333,3
34.0061667,-117.1058333,3
33.1,-115.7,3
33.1,-115.7,3
33.5113333,-116.5043333,3
33.0566667,-115.5516667,3
35.4703333,-118.621,3
33.1345,-116.4171667,3
35.323,-118.598,3
34.0433333,-116.9366667,3
35.5471667,-118.2658333,3
35.3853333,-118.4978333,3
35.2813333,-118.6168333,3
34.2388333,-119.8771667,3
35.1298333,-118.728,3
35.4396667,-118.8005,3
35.0331667,-118.81,3
34.5366667,-119.54,3
34.296,-119.518,3
34.6553333,-117.097,3
33.4653333,-119.6181667,3
35.3306667,-118.4966667,3
33.9033333,-118.643,3
35.3375,-118.6291667,3
34.0245,-117.2636667,3
35.5176667,-118.2538333,3
35.0441667,-118.975,3
35.3841667,-118.566,3
33.986,-117.2276667,3
34.9708333,-118.9785,3
35.4741667,-118.3166667,3
35.6148333,-117.4863333,3
31.8813333,-116.4758333,3
35.0541667,-118.856,3
35.2685,-118.7261667,3
35.5316667,-118.3241667,3
33.12,-115.68,3
35.4816667,-118.5641667,3
33.9608333,-116.4811667,3
34.7355,-119.7093333,3
35.3288333,-118.5741667,3
35.094,-118.7125,3
35.3621667,-118.581,3
35.2848333,-118.5836667,3
35.3798333,-118.622,3
35.3263333,-118.6126667,3
34.3743333,-119.9425,3
33.7265,-116.8358333,3
35.3125,-118.6173333,3
34.9908333,-119.1666667,3
35.2766667,-118.5673333,3
35.2706667,-118.6278333,3
33.4045,-117.0695,3
35.0413333,-118.9333333,3
35.4741667,-118.1195,3
34.275,-116.8385,3
35.1196667,-118.9265,3
35.0711667,-118.3213333,3
35.4141667,-118.8411667,3
33.9191667,-116.7598333,3
37.0473333,-118.35,3
33.9211667,-118.2438333,3
35.0931667,-118.8255,3
35.3541667,-118.5281667,3
35.0431667,-118.9406667,3
35.4638333,-118.2658333,3
35.0166667,-118.9086667,3
35.33,-118.552,3
34.6725,-119.2201667,3
34.6008333,-117.074,3
35.3568333,-118.5038333,3
35.391,-118.5133333,3
33.1,-115.7,3
35.4006667,-118.5008333,3
35.2658333,-118.6496667,3
35.689,-117.5073333,3
33.0848333,-115.6146667,3
34.1628333,-117.422,3
34.0175,-117.2458333,3
34.1413333,-117.81,3
34.1466667,-118.0395,3
34.1433333,-117.4345,3
34.1251667,-117.4681667,3
