6.405,126.64,2
43.233,145.785,2
18.481,-102.996,3
33.362,140.827,2
31.398,100.581,2
50.486,156.584,3
43.318,146.442,2
13.372,122.787,2
-60.823,-21.549,0
35.178,86.481,2
70.779,54.177,5
-6.868,149.993,2
18.267,-96.598,3
-0.189,-18.027,0
73.302,55.161,5
-58.302,-13.394,0
57.84,-137.33,3
-32.518,-71.478,1
6.966,91.384,2
43.175,146.56,2
-55.532,-28.344,0
2.033,126.58,2
10.679,-84.759,1
4.956,-78.144,1
12.205,125.33,2
41.891,130.871,2
-32.987,-71.916,1
44.639,149.276,3
-61.037,-37.881,0
-15.779,167.218,2
-4.439,134.03,2
23.052,101.11,2
-54.518,-132.624,0
-14.233,167.228,2
51.619,-175.404,3
12.184,-86.223,1
-30.387,-177.509,3
2.091,126.643,2
-47.796,99.661,4
-10.294,161.362,2
49.986,78.853,5
-27.118,-71.514,1
-26.829,-70.919,1
-54.849,145.849,2
0.636,-29.514,1
51.579,-175.247,3
15.128,-45.15,1
-38.997,175.232,2
4.691,-75.628,1
5.609,127.202,2
-1.905,99.637,2
44.672,149.289,3
-30.578,-71.151,1
-14.665,166.384,2
18.601,-104.967,3
-22.655,-66.195,1
-45.475,96.288,4
54.828,161.599,3
50.835,157.103,3
50.893,157.443,3
19.933,-155.1,3
-17.192,167.814,2
-14.264,167.274,2
-16.231,-173.11,3
-26.781,-70.879,1
-54.351,-136.55,0
32.995,104.015,2
11.511,121.389,2
-4.387,-102.003,1
-21.985,-63.656,1
50.052,156.309,3
38.911,141.91,2
6.148,127.492,2
-1.535,136.657,2
-2.989,139.08,2
-16.119,-172.48,3
-21.569,169.912,2
5.648,127.135,2
-35.513,-16.211,0
-0.115,123.931,2
28.206,139.227,2
-19.194,168.74,2
6.274,127.336,2
-19.376,169.359,2
23.415,123.957,2
23.338,123.757,2
-59.281,-26.097,0
54.011,-163.76,3
53.693,161.594,3
42.706,146.041,2
12.271,125.433,2
57.98,-138.021,3
13.225,124.699,2
-8.767,160.991,2
43.446,146.433,2
-4.471,144.042,2
-32.791,-179.208,3
42.453,130.907,2
9.048,123.789,2
-4.364,-101.939,1
70.756,53.872,5
19.379,-104.975,3
49.975,156.356,3
-15.198,167.391,2
5.726,127.106,2
-1.515,136.627,2
-2.91,139.084,2
5.664,127.292,2
-7.04,155.8,2
-1.812,99.678,2
-11.187,162.251,2
22.288,121.55,2
-9.934,160.932,2
-1.696,99.68,2
51.301,174.217,3
29.273,130.414,2
11.663,43.035,4
-10.016,150.176,2
2.281,126.715,2
-1.468,99.851,2
-3.73,152.077,2
-18.125,65.293,4
24.281,93.548,2
53.529,161.495,3
42.996,146.409,2
43.402,145.801,2
35.256,86.602,2
-24.813,-179.22,3
-26.735,-70.896,1
-56.273,147.417,2
57.067,-154.101,3
7.103,84.307,2
39.536,143.137,2
26.582,-44.669,1
35.606,140.447,2
-26.075,-67.77,1
-6.153,154.459,2
-24.675,-64.599,1
-55.724,-28.256,0
53.648,160.532,3
-41.861,42.77,4
0.448,126.213,2
-9.207,67.351,4
-1.886,99.637,2
12.404,144.108,2
44.126,150.973,3
-6.134,148.846,2
-14.593,167.793,2
-11.096,162.279,2
27.081,140.103,2
-12.091,166.499,2
31.46,100.286,2
-15.307,-173.322,3
-62.473,165.272,0
-5.315,152.154,2
52.835,173.773,3
43.674,147.755,2
-9.784,119.303,2
-16.646,175.866,3
-6.225,151.823,2
51.372,-179.743,3
44.103,83.55,5
-53.93,159.398,0
-7.291,120.385,2
51.304,-179.392,3
42.498,145.969,2
8.132,137.334,2
43.2,146.79,2
43.125,146.574,2
43.018,147.11,2
-53.156,22.692,0
-18.102,-178.277,3
36.406,140.951,2
51.287,-176.644,3
-7.194,156.035,2
10.607,138.423,2
-37.314,179.449,2
39.488,143.111,2
25.645,124.509,2
9.159,126.135,2
-7.034,-76.138,1
-54.747,158.511,0
38.896,20.441,5
-51.183,139.528,2
-55.741,-28.275,0
6.343,126.626,2
-1.592,136.656,2
6.654,126.525,2
-5.59,153.244,2
52.927,159.39,3
-55.494,-28.205,0
-54.358,5.297,0
-54.408,5.357,0
-15.127,-175.008,3
-19.847,169.029,2
27.874,127.69,2
-55.909,-27.844,0
-5.358,126.746,2
-30.233,-177.611,3
-62.496,166.269,0
-2.088,-78.21,1
50.101,156.744,3
-5.193,103.235,2
-8.267,117.381,2
-41.373,174.487,2
-28.049,-68.942,1
-65.543,179.33,0
33.394,140.745,2
-3.004,140.101,2
51.685,176.239,3
-2.26,-78.523,1
14.183,-91.899,1
-19.184,169.665,2
42.964,146.48,2
42.601,146.383,2
19.105,121.153,2
0.95,125.99,2
21.112,143.107,2
6.79,-72.982,1
10.686,92.583,2
-6.064,153.764,2
17.323,-100.679,3
-18.35,-69.196,1
-16.063,-71.312,1
-26.825,-70.999,1
0.326,125.258,2
-26.628,-70.82,1
-1.956,139.306,2
-5.378,151.491,2
37.211,142.126,2
-15.988,168.102,2
7.345,-72.832,1
10.348,125.293,2
-2.979,139.268,2
-24.164,-176.351,3
85.992,30.825,5
-28.463,-70.853,1
33.82,135.451,2
33.82,135.378,2
-3.043,122.582,2
-3.486,145.948,2
35.181,23.797,5
37.245,-116.346,3
6.069,126.967,2
33.273,141.056,2
3.629,128.51,2
5.671,127.134,2
-16.64,28.017,4
-22.173,-179.624,3
34.732,70.396,5
-27.716,-63.261,1
29.284,68.571,2
0.376,122.224,2
-55.654,-26.774,0
18.886,-103.545,3
49.835,78.232,5
-36.694,-17.203,0
-45.538,35.134,4
-33.489,-179.635,2
-23.024,-175.592,3
-15.184,-173.524,3
2.058,126.396,2
-23.175,-66.293,1
4.19,126.832,2
31.719,139.304,2
52.576,172.872,3
43.608,147.709,2
-20.666,-69.187,1
46.998,152.294,3
-0.832,127.54,2
50.813,157.548,3
-9.983,150.183,2
-3.937,152.059,2
-10.19,120.53,2
-25.916,-177.411,3
44.98,-125.774,3
43.069,145.375,2
42.683,146.337,2
42.715,146.035,2
-28.518,-176.761,3
19.104,-101.833,3
-27.235,-71.142,1
-19.077,168.821,2
-30.526,-71.601,1
-52.801,140.04,2
-15.538,-173.09,3
22.131,121.475,2
1.994,126.72,2
51.449,-176.626,3
45.735,26.477,5
25.78,129.532,2
-47.369,165.741,2
40.657,139.552,2
-5.548,151.105,2
-8.341,-74.178,1
5.23,-78.034,1
-26.12,178.282,3
26.526,-44.553,1
9.822,126.558,2
-52.329,160.669,0
71.541,-12.098,5
35.716,140.561,2
-8.745,115.36,2
-13.548,166.637,2
-32.937,-71.877,1
13.797,120.239,2
52.444,178.353,3
-3.967,-80.971,1
-18.275,-178.133,3
46.126,151.447,3
-55.636,-28.195,0
5.606,127.188,2
-1.297,89.325,2
-21.817,-179.423,3
51.633,-176.308,3
-9.854,117.427,2
39.114,71.889,5
-3.528,135.474,2
-15.857,-174.055,3
49.899,156.084,3
4.553,125.703,2
-17.517,-178.501,3
-6.076,148.613,2
16.951,-61.419,1
-7.31,128.358,2
58.307,-149.81,3
50.078,156.936,3
-0.211,124.393,2
49.884,157.295,3
50.439,156.278,3
-55.322,-28.582,0
-34.131,150.266,2
41.589,142.012,2
4.175,126.491,2
-5.448,154.209,2
2.013,126.552,2
-53.23,159.213,0
-22.759,170.245,2
25.89,-109.878,3
-4.528,141.815,2
-59.918,-31.282,0
-23.876,-177.044,3
-20.613,-178.825,3
51.123,-178.829,3
-42.264,173.046,2
5.162,-75.813,1
7.27,-82.343,1
-1.438,-79.875,1
0.363,125.243,2
-46.102,73.202,4
-16.625,-176.955,3
-3.243,101.24,2
44.062,148.223,2
41.025,82.195,2
33.144,140.671,2
-10.011,150.316,2
14.277,-92.008,1
-17.467,167.736,2
46.973,150.989,3
-20.043,169.694,2
-40.544,173.906,2
53.564,161.551,3
42.916,145.569,2
42.619,146.446,2
42.952,146.657,2
42.941,146.339,2
-21.166,-174.263,3
43.182,147.33,2
51.875,-176.9,3
43.302,146.815,2
21.013,143.14,2
42.847,146.739,2
-12.792,166.685,2
43.988,147.849,2
-27.037,-71.04,1
-27.075,-71.225,1
-10.246,117.107,2
-15.792,168.21,2
-1.018,136.35,2
-8.684,160.725,2
-8.974,106.932,2
50.478,148.849,3
-14.327,-72.128,1
-37.65,-73.379,1
-22.812,-70.222,1
-58.323,-24.983,0
33.081,86.877,2
61.039,-146.828,3
-5.622,151.504,2
33.243,86.749,2
31.65,100.013,2
-3.422,68.125,4
-17.32,-174.343,3
-55.359,146.254,2
13.244,50.722,4
-1.228,136.4,2
27.557,-112.419,3
36.369,71.16,5
-33.042,-179.151,3
-6.029,124.686,2
-24.286,179.171,3
-5.93,152.422,2
-23.794,179.138,3
30.573,52.887,5
38.622,142.15,2
-1.374,-15.791,0
-1.599,69.833,4
-19.401,168.895,2
1.257,125.927,2
-6.264,154.11,2
1.035,126.211,2
-59.367,-17.889,0
49.445,-28.236,5
52.101,-169.605,3
51.768,-176.998,3
-55.471,-28.754,0
-44.96,-77.854,1
51.245,-179.215,3
-6.718,131.328,2
-4.34,103.09,2
-30.251,-177.44,3
-57.513,-140.954,0
-62.587,167.445,0
-5.349,153.16,2
-55.695,-26.916,0
-9.408,111.142,2
2.171,126.5,2
-57.921,83.573,4
22.017,100.62,2
31.882,100.062,2
50.237,156.862,3
11.703,42.927,4
76.251,5.987,5
11.937,122.499,2
26.821,125.304,2
41.593,142.008,2
6.639,124.086,2
50.006,77.725,5
-59.943,-27.518,0
-4.041,102.599,2
6.386,117.704,2
-17.514,179.623,3
-8.151,156.408,2
37.129,141.323,2
-3.668,137.817,2
45.651,149.564,3
0.979,126.025,2
-23.571,-111.946,1
-21.998,-179.12,3
-2.99,127.45,2
39.793,-108.366,3
44.586,149.334,3
51.627,-173.436,3
13.941,-90.877,1
52.911,160.08,3
-56.637,-26.551,0
53.625,161.59,3
51.269,-179.424,3
37.711,95.644,2
-58.284,-25.515,0
42.425,145.805,2
42.666,146.12,2
-6.909,129.134,2
52.176,-164.867,3
43.062,146.478,2
43.002,146.651,2
43.099,146.503,2
-5.453,131.485,2
28.904,103.633,2
-4.776,153.198,2
52.747,172.261,3
54.043,164.092,3
12.277,125.396,2
12.149,125.514,2
-27.138,-70.941,1
57.905,-137.902,3
-6.019,150.6,2
-27.034,-71.198,1
49.78,78.058,5
-27.069,-71.196,1
-0.11,125.006,2
-15.237,-173.924,3
-27.245,-71.452,1
43.38,146.506,2
-7.463,122.118,2
35.071,86.45,2
3.449,125.224,2
0.609,121.679,2
-55.713,-28.304,0
-6.674,105.608,2
24.078,122.312,2
0.011,124.906,2
-6.337,154.362,2
12.333,-87.084,1
43.086,146.8,2
-4.325,-105.785,1
27.814,104.542,2
9.838,-84.586,1
-27.93,-68.86,1
36.442,70.13,5
-6.086,154.459,2
-19.203,-172.956,3
-17.804,-176.998,3
-3.458,135.607,2
23.334,123.566,2
11.504,121.498,2
21.571,142.924,2
28.079,56.755,5
-0.16,125.046,2
-29.57,-177.45,3
-20.891,-178.959,3
-30.366,-177.904,3
63.904,-22.197,5
51.639,-173.687,3
10.219,125.271,2
13.176,145.029,2
-58.829,-24.671,0
-4.538,151.473,2
-32.633,-179.131,3
-17.793,-178.263,3
43.736,-127.469,3
4.801,-32.591,1
-6.356,154.899,2
-32.655,-179.715,3
-19.423,-69.868,1
-21.685,-179.379,3
33.113,75.891,2
9.874,57.885,4
-25.937,-67.731,1
-2.867,136.319,2
-6.163,151.794,2
-19.068,167.406,2
-19.896,-176.475,3
-8.582,154.007,2
-9.214,150.634,2
44.344,-129.154,3
35.808,21.835,5
-15.496,167.487,2
6.983,126.151,2
0.537,125.957,2
54.12,-165.543,3
-4.38,153.219,2
-56.073,-27.458,0
29.272,68.564,2
6.943,-75.337,1
54.57,161.603,3
-45.684,-76.637,0
-17.698,-175.156,3
51.79,176.264,3
43.916,147.473,2
-7.42,-74.81,1
6.448,126.797,2
36.705,68.442,5
-10.377,-13.014,0
33.196,140.653,2
2.52,66.424,4
5.988,-82.372,1
-36.109,-101.018,1
45.208,148.571,3
-5.252,151.507,2
33.979,-119.0501667,3
-4.62,151.829,2
-15.412,-173.284,3
-1.762,99.658,2
50.109,156.925,3
9.551,126.127,2
24.985,128.198,2
8.936,137.877,2
6.154,126.853,2
-3.06,139.096,2
-21.867,127.322,2
-6.351,153.072,2
-15.49,-175.257,3
38.333,73.934,5
11.739,42.746,4
43.258,147.777,2
43.65,147.645,2
5.466,126.365,2
-6.027,146.08,2
-14.044,165.956,2
-14.833,-173.136,3
-33.193,-179.141,3
-15.882,167.283,2
-34.511,179.807,2
6.785,-72.997,1
4.859,-78.177,1
-6.323,129.873,2
-5.972,129.684,2
43.517,132.256,2
-17.599,-178.932,3
51.372,-179.52,3
-58.517,-26.631,0
-0.934,-13.189,0
13.63,120.752,2
-23.704,-111.979,1
-50.07,114.281,2
19.581,-70.61,1
53.929,160.521,3
11.643,125.802,2
42.308,145.411,2
-20.768,-68.824,1
42.855,146.496,2
42.916,146.48,2
42.56,145.858,2
42.781,146.332,2
-17.005,175.795,3
-2.365,139.291,2
-16.983,175.814,3
-6.114,153.744,2
43.061,146.609,2
43.102,146.014,2
42.801,146.641,2
-30.567,-178.036,3
3.895,-85.005,1
12.14,125.393,2
44.075,13.273,5
-19.173,-69.77,1
12.294,125.632,2
-27.189,-71.243,1
-26.986,-70.956,1
42.653,146.788,2
49.027,-128.007,3
-6.337,154.823,2
-10.247,151.902,2
-4.345,134.463,2
19.093,-106.313,3
35.112,86.423,2
12.239,125.783,2
-6.991,129.66,2
12.813,-86.674,1
23.334,94.51,2
40.946,143.111,2
-56.32,147.391,2
-26.774,-70.913,1
37.345,56.505,5
-13.789,169.05,2
54.794,162.401,3
44.314,147.786,2
-58.155,-25.078,0
-19.153,-172.98,3
42.711,67.41,5
-5.2,102.64,2
27.832,52.734,5
-36.372,-179.846,2
51.245,-179.26,3
50.55,68.395,5
7.414,123.742,2
24.897,63.139,5
-0.045,124.05,2
29.34,130.257,2
5.239,-78.11,1
-15.61,179.951,3
9.961,126.313,2
-41.798,-83.566,1
43.297,146.906,2
37.747,71.953,5
-16.024,-74.045,1
9.166,-83.981,1
-7.376,154.138,2
3.819,125.62,2
-21.793,-63.565,1
49.765,78.196,5
17.841,-106.079,3
-17.977,169.094,2
0.415,124.465,2
54.618,161.447,3
18.134,-99.687,3
-6.429,130.647,2
0.064,123.034,2
-6.032,129.905,2
-24.623,-64.603,1
14.504,-92.728,1
-44.972,-80.28,1
-0.312,125.213,2
36.116,4.443,5
-41.595,80.185,4
24.154,142.229,2
-55.691,-27.99,0
-11.747,162.541,2
-12.521,166.604,2
-44.285,-81.708,1
5.404,-82.541,1
31.241,88.088,2
-21.318,175.2,2
-31.515,179.518,2
35.992,70.581,5
-2.696,101.27,2
-38.284,176.26,2
-2.385,138.797,2
-6.916,150.182,2
5.938,126.838,2
-9.386,122.163,2
29.307,68.491,2
-21.655,-179.035,3
-5.97,149.692,2
-9.192,155.991,2
-17.522,-173.038,3
50.399,156.848,3
2.377,126.679,2
-55.336,-27.958,0
-5.798,151.14,2
32.05,49.428,5
-2.713,119.837,2
-20.479,169.659,2
14.478,-91.637,1
-7.001,150.016,2
28.584,52.62,5
-15.166,-173.443,3
-10.909,164.343,2
5.696,127.039,2
6.165,127.063,2
50.116,156.921,3
-15.255,-71.238,1
-57.906,-25.246,0
-22.037,127.472,2
-23.059,-175.403,3
13.937,120.357,2
2.036,126.392,2
-6.831,102.071,2
2.148,126.785,2
-24.189,-179.71,3
50.821,157.165,3
28.135,86.993,2
-5.249,153.573,2
38.292,73.901,5
28.573,52.671,5
11.748,42.87,4
-2.153,99.715,2
-4.763,103.24,2
51.94,-177.402,3
-4.619,103.192,2
43.371,147.728,2
28.895,140.706,2
-2.626,138.729,2
49.982,155.992,3
-5.792,147.247,2
-20.193,168.807,2
-32.817,-108.839,1
-6.416,144.253,2
24.005,121.505,2
-33.958,-70.595,1
37.604,72.106,5
5.082,-78.168,1
27.092,60.837,5
-6.345,144.304,2
-2.84,119.476,2
-41.926,173.304,2
-48.908,-75.84,0
-15.716,167.833,2
-16.868,27.903,4
1.565,128.524,2
-25.638,-70.433,1
-4.28,134.254,2
-15.575,-73.849,1
-6.257,104.154,2
-20.852,-174.02,3
-56.895,-26.5,0
14.71,-91.234,1
-5.527,146.382,2
-6.266,147.02,2
-40.475,175.493,2
-17.3,167.801,2
-6.536,153.605,2
-22.145,-176.754,3
-5.4,154.18,2
-57.7,-142.123,0
39.53,74.813,5
19.686,-109.498,3
-21.09,-178.775,3
21.82,146.917,2
43.005,146.416,2
42.908,146.455,2
43.0,145.344,2
42.6,146.246,2
-6.512,154.818,2
42.906,146.724,2
36.452,140.613,2
21.944,142.895,2
-11.056,162.17,2
-0.908,130.629,2
43.062,146.946,2
52.915,-174.676,3
6.925,126.781,2
42.552,145.783,2
23.385,123.488,2
-1.052,126.759,2
-3.191,134.415,2
29.087,103.589,2
-46.407,95.872,4
28.839,103.669,2
-3.835,131.108,2
22.856,121.376,2
57.78,-137.286,3
42.914,145.404,2
12.182,125.546,2
12.269,125.277,2
-27.113,-70.999,1
27.24,92.474,2
23.612,94.841,2
-7.586,104.544,2
-4.881,151.693,2
-15.146,175.036,3
-24.064,-177.331,3
37.521,142.487,2
52.223,174.214,3
12.232,125.464,2
-56.263,146.92,2
18.757,-106.545,3
35.549,96.06,2
11.988,125.388,2
-27.08,-71.154,1
-8.028,128.962,2
-5.809,154.497,2
-9.003,118.709,2
-1.097,-24.679,1
-3.078,129.461,2
-27.147,-71.051,1
-27.124,-71.183,1
19.958,-73.07,1
-22.263,-179.621,3
51.3,-176.64,3
42.012,142.475,2
-56.04,-143.793,0
11.358,121.178,2
2.938,126.619,2
-4.291,135.776,2
18.497,146.067,2
12.263,125.442,2
-59.586,-26.132,0
56.036,163.608,3
51.461,-178.388,3
-17.093,-173.232,3
-22.484,29.245,4
-22.806,-176.274,3
-19.253,167.621,2
14.984,-94.301,1
31.484,99.997,2
-7.112,-12.841,0
-34.994,-109.536,1
7.552,144.677,2
63.935,-22.233,5
45.635,67.85,5
18.834,120.65,2
-25.946,-67.635,1
3.51,127.101,2
9.942,126.345,2
-27.064,-70.987,1
-55.157,-28.541,0
-1.032,136.515,2
7.523,126.828,2
-5.953,104.917,2
51.608,54.582,5
-3.246,128.976,2
-26.605,26.618,4
9.915,126.124,2
45.54,151.78,3
-6.476,146.707,2
42.339,146.606,2
16.29,122.356,2
-31.649,-71.783,1
29.575,-113.644,3
28.219,82.945,2
-12.611,166.42,2
2.968,-74.86,1
44.183,149.037,3
18.072,-106.125,3
-6.255,130.384,2
-57.846,-25.639,0
-4.366,153.025,2
32.924,49.598,5
-4.373,131.095,2
-1.361,-15.935,0
9.912,93.752,2
-5.838,146.204,2
34.657,80.968,2
-5.501,151.118,2
-55.767,-28.182,0
-5.094,151.792,2
-55.79,-28.104,0
2.87,96.355,2
-25.64,-70.266,1
53.297,153.358,3
33.9568333,-119.4748333,3
-13.382,167.092,2
71.109,-7.666,5
25.899,-45.001,1
48.162,146.823,3
-7.046,146.169,2
6.856,-73.074,1
5.683,127.304,2
60.311,-145.996,3
51.405,-178.212,3
-54.388,5.187,0
45.956,142.666,2
-20.93,169.774,2
27.09,140.028,2
40.427,91.072,2
33.209,75.715,2
-7.955,-74.389,1
40.957,82.183,2
-5.693,147.27,2
1.0,126.257,2
-1.183,67.373,4
-17.51,-172.854,3
-16.512,-173.764,3
41.848,141.106,2
-21.892,-174.938,3
-55.411,-28.084,0
31.699,100.017,2
-6.554,147.435,2
6.663,126.842,2
-26.129,70.968,4
39.026,141.469,2
37.04,141.515,2
11.534,-86.473,1
-63.324,-62.363,0
-30.224,-177.193,3
6.779,94.288,2
17.082,145.695,2
-39.583,176.572,2
-11.059,164.404,2
-22.153,-69.015,1
3.586,126.295,2
-7.319,-13.314,0
18.112,120.708,2
-5.725,152.837,2
27.54,-112.451,3
-16.568,28.0,4
37.036,141.57,2
-32.875,179.664,2
1.851,126.214,2
-56.104,-27.42,0
15.309,-61.314,1
-6.092,147.037,2
-6.119,148.658,2
5.947,126.318,2
-11.17,161.593,2
-41.853,-83.5,1
-41.985,-84.239,1
36.639,141.981,2
36.618,142.017,2
11.959,122.476,2
44.513,-110.491,3
7.25,-34.396,1
7.46,-36.255,1
-4.844,131.934,2
34.431,25.25,5
-21.399,-66.536,1
-57.379,-26.668,0
29.595,130.514,2
53.965,161.735,3
-52.459,-72.036,0
33.32,68.109,5
5.828,127.104,2
-22.325,170.318,2
-15.608,-175.818,3
-17.932,-178.407,3
40.886,140.306,2
-9.863,150.353,2
33.354,57.376,5
-0.079,129.302,2
-55.793,-28.319,0
11.998,122.501,2
35.608,69.702,5
44.575,149.163,3
-2.349,100.807,2
-20.21,-177.981,3
-14.062,-72.794,1
-4.083,-104.105,1
25.197,98.579,2
36.325,70.64,5
14.386,-91.951,1
41.045,82.312,2
53.643,161.804,3
-5.944,130.649,2
19.679,-109.357,3
43.079,146.138,2
42.705,146.291,2
42.911,146.456,2
43.237,146.744,2
43.297,146.8,2
-35.873,-103.928,1
42.76,146.615,2
28.872,103.749,2
13.763,-90.935,1
6.586,126.626,2
57.993,-137.884,3
-44.516,-76.207,1
-27.155,-71.141,1
-26.031,27.425,4
40.194,142.535,2
-27.006,-71.121,1
15.914,-60.708,1
-27.03,-71.046,1
-24.074,-177.371,3
30.824,142.097,2
51.972,-176.102,3
-27.134,-71.169,1
-10.149,117.22,2
14.925,119.855,2
6.317,124.022,2
-2.219,137.933,2
-5.4,146.899,2
-9.252,156.088,2
-31.519,179.61,2
7.144,126.788,2
10.472,93.893,2
-59.283,-18.083,0
-17.223,167.849,2
-6.798,154.97,2
45.307,150.054,3
19.577,-103.519,3
-26.525,-114.562,1
-35.863,-179.855,2
-26.777,-70.877,1
-26.556,-70.498,1
-13.745,66.187,4
-10.764,165.785,2
-7.199,-80.772,1
-26.791,-70.894,1
40.26,-124.233,3
-58.252,-24.925,0
1.735,66.792,4
25.444,65.655,2
23.191,100.944,2
12.651,-88.507,1
2.134,126.699,2
-4.958,151.256,2
0.598,-25.347,1
-3.657,135.374,2
16.444,121.977,2
36.512,139.613,2
-26.099,27.699,4
19.497,121.571,2
51.742,-173.676,3
-18.099,-178.417,3
24.177,141.544,2
-23.036,-67.94,1
-20.955,-178.852,3
61.096,-147.414,3
-23.771,-179.78,3
-16.087,-172.489,3
-4.35,130.224,2
19.467,-108.49,3
33.175,86.723,2
-2.505,138.387,2
-4.113,102.388,2
44.429,-129.312,3
35.104,134.434,2
6.324,124.059,2
9.832,126.156,2
-15.043,-173.705,3
11.626,125.092,2
8.437,126.481,2
-4.417,134.49,2
-14.752,171.466,2
36.423,70.767,5
37.025,71.481,5
-55.353,146.003,2
-43.93,-82.292,1
5.406,125.753,2
-26.015,27.373,4
23.9,121.628,2
11.963,142.806,2
10.527,-85.108,1
-20.968,-67.998,1
-14.253,167.26,2
-55.505,-28.102,0
0.825,-29.206,1
-4.002,127.598,2
-18.311,-178.075,3
-33.123,-71.987,1
30.688,131.936,2
-32.691,-179.741,2
-24.136,-176.452,3
16.455,145.967,2
-7.033,129.507,2
17.946,-106.183,3
0.023,123.714,2
29.001,142.407,2
-33.093,-179.101,3
9.121,123.934,2
-10.941,165.95,2
42.816,145.307,2
13.691,144.631,2
-58.76,-61.892,0
54.119,125.839,2
-5.643,147.192,2
53.871,141.417,3
18.679,-100.585,3
-5.931,153.563,2
-10.747,164.696,2
3.993,125.689,2
-16.117,-172.587,3
-59.323,-26.239,0
6.019,93.976,2
-22.098,-179.526,3
35.575,27.685,5
-5.92,151.628,2
49.602,151.209,3
-17.735,-178.732,3
29.261,69.773,2
44.459,148.782,3
38.888,141.916,2
-3.607,28.186,4
13.452,121.015,2
-20.067,-178.417,3
-55.107,-26.458,0
38.458,-28.308,5
36.14,4.408,5
-18.777,-69.163,1
-9.228,121.065,2
-55.921,-28.703,0
-55.771,-28.486,0
-55.768,-28.295,0
-15.012,-173.958,3
-21.755,170.376,2
13.593,57.347,4
37.758,21.341,5
-4.832,144.108,2
-16.808,28.367,4
25.581,63.895,5
51.774,176.258,3
14.773,-45.089,1
-35.47,-179.274,2
6.432,127.088,2
32.712,68.347,5
-23.439,-175.643,3
-15.087,-179.133,3
34.948,140.843,2
29.49,68.595,5
34.878,140.946,2
36.105,139.77,2
18.592,-104.921,3
-5.394,152.921,2
-19.277,-175.934,3
35.817,73.289,5
-19.279,169.6,2
-1.642,128.944,2
-15.565,167.175,2
13.916,145.061,2
11.4,126.698,2
39.835,77.244,5
-17.575,-172.694,3
4.631,-76.028,1
2.564,66.29,4
-5.434,126.643,2
-20.051,-178.306,3
-16.669,27.943,4
-2.544,152.926,2
-2.05,-78.187,1
-23.899,-179.967,3
49.411,155.618,3
4.063,126.494,2
6.822,-73.003,1
-1.748,99.664,2
-13.386,166.927,2
-21.997,-114.069,1
49.983,156.786,3
36.475,71.52,5
-30.967,-178.999,3
0.111,123.377,2
6.835,-73.042,1
-21.675,127.473,2
-8.223,118.054,2
-26.005,27.93,4
-40.799,173.724,2
52.816,173.817,3
35.484,139.919,2
24.323,123.556,2
-6.896,129.421,2
44.429,-110.391,3
11.673,42.83,4
5.816,124.041,2
27.091,61.557,5
14.72,146.804,2
45.854,151.118,3
-39.62,-74.627,1
51.416,-178.438,3
-2.905,119.683,2
11.822,122.311,2
-19.88,179.771,3
-14.606,-76.09,1
-58.305,-13.897,0
-4.613,134.556,2
27.672,104.073,2
30.742,49.832,5
-10.168,161.084,2
7.087,126.985,2
23.505,143.224,2
-45.804,34.995,4
4.993,-77.96,1
-17.96,-178.307,3
-19.806,-173.828,3
53.929,160.493,3
19.011,-104.76,3
79.403,3.084,5
14.75,55.668,4
-22.002,-179.451,3
-18.15,-174.954,3
-1.259,67.486,4
-16.1,-172.081,3
20.296,121.29,2
37.17,141.403,2
-21.33,-177.927,3
-3.26,146.156,2
51.339,176.301,3
-23.447,-179.9,3
-17.338,167.793,2
-6.539,147.301,2
0.639,121.914,2
-3.38,147.027,2
44.062,151.664,3
-17.464,167.651,2
39.419,95.41,2
11.583,95.07,2
36.403,70.798,5
53.526,161.443,3
53.479,161.544,3
51.748,176.374,3
42.84,145.952,2
42.93,146.463,2
43.127,146.004,2
-17.626,-178.877,3
2.007,127.136,2
42.972,146.635,2
43.107,146.747,2
-52.514,26.709,0
29.995,50.461,5
43.132,146.791,2
53.157,159.763,3
40.57,79.214,5
-2.488,138.783,2
29.139,103.608,2
-19.867,-177.624,3
49.519,-28.516,5
31.062,130.2,2
12.187,125.236,2
-27.447,-70.907,1
-27.006,-71.047,1
13.935,144.958,2
43.416,146.396,2
-16.611,-174.83,3
-58.939,-25.368,0
43.666,147.188,2
58.0,-138.003,3
5.154,125.835,2
-5.553,147.221,2
55.078,160.995,3
-19.616,-175.074,3
20.037,121.395,2
-23.439,-68.262,1
21.826,121.293,2
30.751,-113.468,3
-39.08,-15.743,0
-8.685,160.815,2
-5.519,154.39,2
-7.303,154.484,2
-8.773,160.798,2
53.208,-169.784,3
42.502,145.745,2
-19.009,168.646,2
34.045,141.444,2
31.773,50.936,5
13.474,145.286,2
-4.363,134.378,2
43.525,146.808,2
-18.071,-178.536,3
19.614,-109.157,3
-19.684,-177.902,3
39.39,143.252,2
-10.245,161.077,2
-26.879,-70.971,1
56.23,-154.245,3
33.2,140.81,2
12.667,-87.973,1
57.248,-154.012,3
-34.802,-15.295,0
-31.624,-71.184,1
36.002,70.471,5
51.642,-173.693,3
14.215,145.653,2
2.605,126.717,2
-18.158,-63.525,1
13.221,50.676,4
1.913,99.151,2
42.891,145.301,2
9.873,126.15,2
-41.783,-83.495,1
5.795,125.706,2
-21.122,-179.202,3
-17.354,-172.766,3
43.409,146.719,2
-33.064,-72.121,1
-31.685,-71.684,1
9.725,125.617,2
16.327,122.337,2
-10.572,163.247,2
31.693,99.764,2
12.788,126.09,2
29.719,-113.473,3
23.276,143.116,2
5.086,-32.688,1
19.337,-104.912,3
6.843,-73.076,1
-22.151,-179.64,3
-21.168,-178.687,3
-16.798,-177.109,3
33.062,75.731,2
-13.483,-72.356,1
11.691,126.125,2
-33.743,179.411,2
-2.371,127.961,2
66.949,-19.217,5
-57.979,-25.192,0
7.255,-74.345,1
-17.89,-70.678,1
3.791,124.37,2
39.076,20.462,5
-23.264,-66.551,1
-55.319,-29.469,0
6.473,-82.527,1
-10.716,-79.162,1
-4.671,126.82,2
8.945,126.23,2
43.152,147.325,2
-20.18,66.375,4
-10.563,-108.121,1
32.013,54.477,5
52.523,160.878,3
-1.347,100.629,2
-39.997,-72.918,1
-22.102,-113.412,1
-26.377,27.461,4
-5.892,145.572,2
-56.112,-28.954,0
-55.66,-28.441,0
33.009,86.723,2
14.497,-89.995,1
4.019,127.893,2
-55.696,-28.078,0
-55.669,-27.876,0
37.1036667,-116.0266667,3
37.08,-115.99,3
-3.759,151.679,2
-22.354,-69.31,1
53.341,-162.36,3
5.266,36.849,4
39.514,73.673,5
27.107,140.031,2
33.367,140.816,2
-38.02,-73.388,1
13.719,146.705,2
-11.807,166.447,2
57.052,-153.942,3
-7.599,-148.114,3
-7.651,-148.052,3
-33.34,-178.315,3
34.868,140.879,2
-7.575,107.262,2
40.409,90.96,2
-26.041,28.13,4
-13.574,167.056,2
23.948,123.438,2
-4.033,-80.534,1
-25.354,-176.133,3
13.497,125.189,2
1.546,126.419,2
31.312,100.627,2
-4.05,142.899,2
-18.393,-69.084,1
2.642,66.334,4
53.77,-158.898,3
-5.429,126.696,2
31.678,100.018,2
-52.801,9.883,0
40.827,74.143,5
31.666,100.062,2
-16.0,168.398,2
-10.927,164.414,2
-5.221,151.557,2
5.825,125.814,2
-1.685,99.668,2
50.407,157.242,3
50.178,156.717,3
-23.276,-175.419,3
-2.082,-78.207,1
-18.956,-69.083,1
-15.892,166.711,2
27.742,139.861,2
-5.593,147.344,2
-27.988,27.055,4
4.276,95.568,2
-15.385,-172.702,3
-19.979,-178.301,3
32.05,49.345,5
73.616,8.617,5
32.051,49.401,5
16.415,145.488,2
-15.084,-175.182,3
-22.142,-179.651,3
-0.039,-91.189,1
48.569,153.673,3
51.183,-179.236,3
-5.468,151.275,2
29.541,130.287,2
21.624,98.323,2
-9.165,111.098,2
51.414,174.065,3
-21.279,-179.081,3
-26.176,28.164,4
-15.008,167.296,2
-7.266,147.085,2
6.505,126.688,2
11.645,42.931,4
-4.282,102.911,2
-7.672,118.654,2
-17.055,-72.495,1
43.484,147.607,2
2.055,126.642,2
-5.655,154.45,2
-8.487,32.189,4
-5.543,146.483,2
16.093,-95.424,3
16.912,-100.262,3
-4.473,135.056,2
36.413,70.844,5
-17.843,-178.538,3
-18.279,-175.583,3
-14.551,-76.291,1
-14.106,165.954,2
-32.867,-108.917,1
-32.937,-108.922,1
-28.757,-108.651,1
-33.284,-179.13,3
-6.384,144.296,2
3.916,31.175,4
40.63,143.522,2
4.754,-78.047,1
-26.291,27.662,4
43.618,-127.134,3
25.666,125.09,2
-19.827,-177.66,3
29.304,68.688,2
43.944,148.428,2
4.868,-78.487,1
2.32,126.551,2
27.301,55.523,5
4.574,-78.306,1
-2.102,-78.816,1
50.43,157.302,3
4.424,127.585,2
42.005,142.131,2
37.259,71.738,5
35.496,57.755,5
57.546,-32.99,5
60.973,-152.44,3
47.508,152.373,3
-9.17,67.206,4
25.536,66.498,2
53.204,-161.281,3
-23.106,-176.067,3
51.276,-179.679,3
-6.735,153.403,2
41.126,82.088,2
-17.285,167.522,2
-17.498,167.749,2
-55.604,-27.995,0
-17.601,167.661,2
-11.594,166.513,2
-7.018,154.845,2
36.746,71.304,5
-6.648,154.868,2
53.651,161.81,3
-61.112,154.243,0
42.858,144.64,2
53.518,161.458,3
42.61,146.001,2
42.902,145.324,2
42.968,145.496,2
42.759,146.78,2
-21.106,-179.309,3
27.857,142.104,2
42.375,145.801,2
42.793,146.265,2
43.183,146.404,2
52.239,174.107,3
43.592,145.991,2
42.538,145.955,2
-18.94,169.432,2
-27.029,-71.123,1
-27.173,-71.297,1
-5.307,68.618,4
-27.131,-71.368,1
11.637,-87.291,1
-4.557,130.009,2
-22.057,-179.37,3
21.487,-106.596,3
-13.479,35.126,4
43.557,146.773,2
-32.382,-178.167,3
-26.784,-71.133,1
-13.506,166.561,2
29.604,89.088,2
3.904,126.199,2
54.767,162.42,3
54.74,162.359,3
42.836,145.473,2
-6.199,147.866,2
-26.676,-70.979,1
-9.357,-78.825,1
-2.291,137.803,2
-55.841,-27.778,0
5.525,127.444,2
-26.656,-70.578,1
36.363,137.115,2
0.931,99.465,2
-21.415,-69.88,1
10.082,57.477,4
51.382,-176.614,3
-41.233,-85.034,1
53.99,-166.443,3
28.012,52.939,5
27.902,52.712,5
-8.324,156.48,2
-24.255,179.957,3
32.477,141.652,2
-15.729,167.129,2
51.704,-173.423,3
-2.113,134.011,2
51.295,-179.228,3
-15.453,165.963,2
-29.205,-178.535,3
38.491,39.621,5
15.052,119.69,2
63.873,-22.142,5
-22.54,-175.403,3
-6.833,155.333,2
24.888,122.026,2
-26.74,-177.313,3
28.868,103.561,2
43.765,145.973,2
9.86,126.226,2
43.486,146.583,2
-20.52,-174.883,3
33.854,72.154,5
13.342,120.793,2
4.508,123.245,2
-35.899,53.373,4
-6.242,153.973,2
6.376,123.98,2
-16.187,-73.42,1
15.291,-94.373,3
-12.656,166.696,2
9.987,126.136,2
35.921,73.351,5
10.144,126.729,2
-17.661,-176.942,3
-26.839,-71.099,1
-33.077,-72.086,1
35.858,73.316,5
-15.974,-172.781,3
8.983,-61.105,1
-25.114,179.791,3
-17.44,-69.5,1
7.431,-35.171,1
-4.527,150.09,2
29.712,-113.38,3
12.016,-43.658,1
41.877,142.279,2
4.985,-32.62,1
5.047,-32.578,1
4.678,-32.57,1
-8.886,110.728,2
52.893,-171.224,3
7.496,-77.245,1
20.036,-62.881,1
-33.232,-71.909,1
45.689,26.496,5
-25.703,179.624,3
-21.69,-67.451,1
35.599,140.745,2
20.928,93.215,2
32.664,48.214,5
32.647,48.243,5
19.508,-69.62,1
33.123,140.695,2
-15.586,-13.643,0
-6.775,155.042,2
-22.342,-176.847,3
13.975,-89.558,1
6.935,123.349,2
-4.377,143.3,2
32.695,48.311,5
28.984,142.257,2
-20.588,-174.274,3
15.927,119.207,2
17.471,-106.001,3
-15.52,-174.849,3
-6.903,129.369,2
36.193,4.466,5
-21.451,-174.17,3
-55.716,-28.728,0
-6.761,106.587,2
-55.798,-28.105,0
-12.279,167.01,2
-23.24,-66.645,1
-55.7,-28.25,0
37.123,-116.0585,3
-22.161,-65.792,1
36.085,71.308,5
1.548,126.305,2
13.466,120.832,2
39.119,72.097,5
5.872,127.313,2
-12.733,166.369,2
33.098,48.256,5
17.279,119.968,2
-6.237,151.802,2
32.641,68.332,5
6.354,126.882,2
8.97,-84.026,1
59.705,163.16,3
-4.374,143.486,2
-17.536,-178.724,3
-26.272,28.126,4
32.786,68.365,5
34.885,140.789,2
-27.459,-71.612,1
-6.987,149.976,2
-1.196,-24.117,0
-10.108,161.063,2
-7.138,149.99,2
6.845,-73.058,1
50.922,157.201,3
-5.183,-78.424,1
-26.387,28.388,4
-10.312,-13.098,0
24.272,121.751,2
-22.293,-174.863,3
16.256,-98.916,3
-14.8,167.39,2
36.487,70.82,5
56.062,163.552,3
-15.139,167.141,2
46.996,153.817,3
6.713,126.916,2
15.329,-95.256,3
37.648,86.426,2
33.362,140.502,2
-5.541,147.138,2
-11.052,164.431,2
-20.411,-68.779,1
-10.891,164.293,2
-9.153,-77.569,1
4.068,126.348,2
-17.707,-178.863,3
5.991,126.756,2
21.028,120.161,2
52.607,-168.061,3
-5.665,146.446,2
-25.309,-68.209,1
-9.273,124.92,2
5.62,126.787,2
-22.362,-68.634,1
66.736,-130.004,3
51.555,161.632,3
-6.741,128.384,2
35.455,70.315,5
21.641,126.328,2
21.411,144.648,2
24.53,121.972,2
-21.867,-179.532,3
40.759,143.069,2
50.179,157.053,3
11.613,42.927,4
-23.451,179.769,3
30.485,83.68,2
-40.72,-74.683,1
-12.371,166.863,2
-19.981,-176.452,3
6.871,91.383,2
45.978,-27.67,5
-20.399,-176.323,3
-6.655,153.753,2
-20.12,169.211,2
-4.157,135.137,2
4.819,-76.38,1
11.943,43.789,4
-5.462,151.28,2
10.711,-84.763,1
-60.613,-25.549,0
-4.319,134.287,2
3.998,-31.508,1
12.576,124.96,2
13.482,-90.028,1
-32.815,-108.796,1
42.635,-107.85,3
29.447,129.884,2
51.129,-179.841,3
4.815,-78.192,1
4.953,-78.151,1
4.604,-78.31,1
-26.123,28.196,4
5.03,-77.956,1
56.841,161.712,3
36.227,141.417,2
51.595,177.786,3
12.131,143.636,2
-10.358,161.836,2
4.707,-78.55,1
36.154,140.063,2
7.158,91.304,2
16.568,-116.076,3
15.888,119.559,2
-12.198,65.766,4
-9.486,-78.621,1
15.058,146.847,2
-4.773,152.476,2
37.778,141.848,2
-17.697,167.603,2
16.895,-99.292,3
-4.972,-11.643,0
45.459,150.675,3
24.857,142.706,2
-2.539,65.152,4
73.714,9.547,5
-17.453,66.495,4
-57.872,-25.384,0
-22.266,-68.582,1
55.014,163.975,3
-17.607,-179.047,3
26.31,-110.665,3
-6.488,150.414,2
-2.304,127.841,2
25.099,68.071,2
-15.366,167.523,2
54.036,-164.041,3
-6.184,151.866,2
-9.498,159.195,2
45.412,151.017,3
-16.49,173.168,2
-8.972,-109.722,1
36.148,140.003,2
5.079,-72.754,1
-19.995,-70.096,1
53.64,161.632,3
41.607,139.211,2
47.569,15.332,5
45.317,-70.908,3
43.034,145.872,2
-26.494,-64.878,1
53.569,161.421,3
43.49,146.161,2
42.953,146.946,2
42.961,145.949,2
43.477,-126.6,3
42.628,145.825,2
42.715,146.198,2
3.233,-84.28,1
-15.319,166.311,2
-19.638,-174.321,3
43.141,146.692,2
16.406,122.434,2
34.338,26.134,5
40.559,89.532,2
-18.212,-178.565,3
49.18,156.162,3
-3.811,131.379,2
21.642,143.098,2
17.197,-71.677,1
-29.727,-177.628,3
-6.075,152.715,2
-27.021,-71.191,1
11.962,-87.588,1
-14.992,-177.931,3
52.487,-168.255,3
-27.084,-71.169,1
-27.141,-71.397,1
54.477,158.407,3
-3.368,149.11,2
-25.304,178.307,3
-12.422,166.651,2
-27.03,-71.232,1
49.115,-127.84,3
33.095,75.496,2
-26.778,-71.166,1
43.225,146.364,2
-22.284,-173.953,3
-3.154,129.925,2
-58.765,-25.024,0
52.436,157.263,3
-18.874,-178.204,3
4.799,-82.573,1
31.899,131.805,2
27.256,97.092,2
-21.48,-68.037,1
37.329,56.519,5
54.631,161.961,3
7.393,-81.857,1
-38.227,-71.911,1
43.402,146.291,2
54.198,-162.619,3
43.38,146.45,2
-28.907,-13.12,0
15.74,-94.624,3
-26.565,-70.863,1
-52.777,-118.236,0
36.437,70.845,5
46.411,152.683,3
-3.844,-104.036,1
13.198,144.89,2
-19.734,168.112,2
10.568,138.574,2
51.696,-173.691,3
-45.186,-76.749,1
-21.233,-68.522,1
-29.461,-177.842,3
31.999,50.904,5
-7.554,128.276,2
38.031,42.698,5
17.008,145.128,2
33.502,130.567,2
4.398,94.915,2
-27.832,26.84,4
-10.417,161.174,2
7.009,-82.593,1
26.998,92.527,2
-10.916,165.469,2
45.945,149.465,3
-0.907,121.246,2
36.521,51.109,5
44.493,-129.41,3
52.496,172.107,3
9.831,126.85,2
9.36,124.801,2
-60.349,149.988,0
-10.076,160.925,2
-22.211,-176.362,3
50.121,-179.126,3
45.754,151.714,3
-32.953,-71.946,1
-33.139,-72.029,1
-33.175,-72.093,1
16.198,122.169,2
27.751,93.35,2
19.333,-155.283,3
19.333,-155.283,3
42.513,145.804,2
-17.126,-72.788,1
49.342,154.796,3
29.81,-113.424,3
-17.551,-179.151,3
42.342,145.771,2
34.751,26.231,5
-32.781,-179.699,2
-32.469,-179.797,3
-32.533,-179.751,3
-6.781,147.974,2
53.776,-163.051,3
-15.097,-176.523,3
-8.567,-78.367,1
48.423,146.316,3
59.106,-135.367,3
53.656,55.375,5
45.327,149.984,3
71.297,51.875,5
-7.26,129.378,2
5.893,127.513,2
44.385,149.671,3
-29.196,-177.464,3
-23.832,-179.934,3
25.723,91.603,2
51.398,-176.57,3
52.459,160.823,3
42.627,146.435,2
-23.855,179.036,3
-15.252,-173.547,3
-32.553,-71.854,1
-5.929,-75.164,1
10.844,-85.78,1
39.343,-123.363,3
32.626,48.289,5
54.217,169.334,3
-33.243,-71.853,1
-25.513,-176.195,3
39.423,23.963,5
-8.629,-74.445,1
-3.011,-12.063,0
-55.696,-27.919,0
-20.884,-177.746,3
-55.848,-28.246,0
-55.748,-28.45,0
-24.816,-179.761,3
-24.175,-179.749,3
-20.567,-177.848,3
37.791,138.296,2
37.883,81.457,2
-55.75,-28.464,0
-3.257,146.152,2
45.479,18.704,5
42.855,145.435,2
-8.901,-109.622,1
71.33,-7.551,5
39.043,72.572,5
0.683,-80.018,1
12.276,144.59,2
33.149,140.708,2
49.346,155.476,3
-21.878,170.368,2
-20.147,-179.005,3
-24.359,-177.262,3
-6.972,129.94,2
52.001,-169.781,3
51.738,-176.983,3
40.387,91.055,2
-49.593,-31.848,0
-5.992,-106.779,1
33.136,140.691,2
-6.893,150.091,2
-20.762,-69.646,1
-1.44,-77.621,1
35.821,22.101,5
-7.022,149.845,2
18.683,145.436,2
18.187,-97.047,3
18.286,-102.882,3
-0.628,-91.48,1
-6.149,153.223,2
0.304,-17.77,0
51.374,-179.029,3
41.831,-126.758,3
-6.862,-12.274,0
-23.369,179.967,3
-55.542,-26.674,0
-30.382,-177.3,3
-30.211,-177.461,3
-6.341,149.571,2
-15.179,168.229,2
23.341,142.617,2
-30.343,-177.058,3
-11.362,164.503,2
3.981,126.516,2
9.845,-83.493,1
-10.885,164.474,2
9.606,-84.229,1
52.456,-168.7,3
15.216,145.185,2
3.821,125.814,2
41.81,-118.457,3
-29.385,-176.788,3
2.334,126.736,2
13.821,-91.266,1
6.187,126.963,2
50.702,156.761,3
6.201,127.056,2
-15.021,168.186,2
-9.388,161.001,2
-5.168,151.052,2
35.908,21.782,5
18.591,145.615,2
-38.147,-73.266,1
52.915,-166.737,3
8.917,-39.676,1
40.301,-125.944,3
53.317,169.893,3
-27.452,-63.143,1
45.971,151.123,3
-17.661,-178.561,3
-27.947,-68.932,1
-23.551,-179.73,3
-8.706,112.59,2
11.819,42.794,4
54.967,161.61,3
19.227,-64.289,1
19.282,-64.171,1
-32.391,-72.129,1
-6.795,-12.008,0
35.634,69.559,5
-16.544,28.043,4
11.708,123.202,2
43.657,147.676,2
43.604,147.733,2
38.214,74.157,5
51.591,-173.348,3
11.69,43.021,4
41.495,19.978,5
36.448,71.306,5
13.159,145.336,2
12.267,-86.553,1
12.005,93.019,2
51.08,178.101,3
7.566,95.054,2
39.09,16.961,5
41.77,77.545,5
-7.183,30.274,4
-14.649,-76.268,1
-18.341,169.434,2
-18.59,-175.514,3
9.142,-74.256,1
-59.951,-27.604,0
4.941,-78.297,1
-31.667,179.697,2
-10.02,152.337,2
-10.152,152.344,2
-6.937,-80.213,1
15.416,-92.696,1
-25.39,179.893,3
-25.16,179.387,3
-1.939,126.234,2
-30.052,-71.692,1
31.121,-41.401,1
-6.388,130.42,2
-10.863,164.535,2
32.99,103.973,2
-28.03,-71.08,1
-3.779,151.919,2
-17.76,167.551,2
-17.743,-178.493,3
16.778,-98.907,3
-20.679,-178.593,3
63.07,-150.951,3
-14.972,-177.446,3
13.104,143.145,2
-20.675,168.508,2
28.227,56.171,5
-45.059,-79.849,1
-5.817,151.266,2
-17.361,167.698,2
38.385,142.238,2
39.745,74.831,5
-17.449,167.618,2
41.532,-127.048,3
29.775,141.371,2
14.07,-91.852,1
35.804,140.087,2
20.822,122.024,2
27.775,52.052,5
-25.823,-177.426,3
46.571,-27.471,5
18.501,121.1,2
53.553,161.421,3
53.621,161.487,3
43.488,146.455,2
43.015,146.418,2
43.419,147.126,2
42.674,146.174,2
40.035,145.671,2
-25.467,-67.244,1
22.777,122.004,2
-37.074,176.795,2
42.852,145.779,2
19.827,121.271,2
-2.358,101.343,2
42.669,145.418,2
-23.743,179.872,3
-23.863,-68.83,1
-0.53,123.32,2
52.509,172.046,3
-27.131,-71.122,1
52.069,-171.364,3
-7.433,104.54,2
-27.195,-70.902,1
-27.222,-71.234,1
-27.2,-71.235,1
53.813,160.444,3
45.288,148.326,3
-26.998,-71.052,1
-8.775,122.168,2
-26.655,-70.646,1
-44.924,-81.829,1
-10.239,-79.327,1
37.898,21.072,5
-24.227,-65.063,1
-11.192,34.447,4
43.23,146.839,2
60.234,-151.76,3
73.782,8.57,5
-6.199,150.709,2
50.744,-171.638,3
52.312,-174.753,3
-19.235,-177.68,3
13.39,144.391,2
43.167,146.332,2
-8.71,160.797,2
-4.459,-105.983,1
5.984,127.179,2
-28.165,-70.142,1
58.002,-137.895,3
38.577,73.588,5
-27.055,-71.134,1
-26.898,-71.058,1
-22.419,-67.25,1
54.822,162.387,3
-11.088,166.153,2
-5.685,-77.101,1
40.822,15.389,5
5.648,126.883,2
29.941,68.432,5
-15.076,-174.114,3
26.417,95.472,2
-21.672,-179.874,3
60.069,-147.161,3
15.84,-59.684,1
-6.369,154.902,2
27.605,140.642,2
51.752,-173.489,3
-15.975,-76.572,1
-17.862,-69.434,1
-22.939,-66.611,1
51.307,-175.942,3
6.806,-72.994,1
30.169,68.105,5
-4.231,143.274,2
-13.307,24.123,4
42.636,75.194,5
39.472,143.183,2
0.343,98.059,2
34.482,139.404,2
-32.485,-71.635,1
57.317,-154.104,3
19.139,121.253,2
30.163,131.105,2
63.867,-22.353,5
-21.578,-68.701,1
33.309,137.664,2
9.76,126.155,2
19.255,121.0,2
9.928,125.841,2
50.246,178.403,3
18.83,145.592,2
10.353,-62.494,1
23.763,121.69,2
10.477,-62.004,1
44.432,102.617,2
43.424,146.694,2
37.748,142.053,2
45.737,151.746,3
-21.221,-67.614,1
-32.992,-71.834,1
-33.126,-72.01,1
-26.878,-70.925,1
-33.141,-72.055,1
-10.644,163.22,2
11.216,143.575,2
28.593,142.312,2
-31.795,-72.062,1
30.203,-113.287,3
-17.992,-178.739,3
29.434,-113.61,3
5.026,-32.63,1
-32.699,-179.644,3
51.182,178.575,3
17.358,-93.799,3
44.092,148.952,2
44.071,149.106,3
41.654,143.733,2
4.965,-32.583,1
35.581,140.709,2
-17.991,-69.804,1
56.037,162.906,3
-6.559,149.398,2
-20.365,-177.732,3
9.793,-78.64,1
-18.082,168.805,2
24.631,62.139,5
14.351,53.318,4
66.987,-19.326,5
66.837,-19.332,5
19.189,121.054,2
51.698,177.779,3
1.508,-82.614,1
-5.709,147.485,2
-0.272,122.912,2
37.943,42.814,5
14.447,-91.38,1
43.417,145.334,2
31.746,138.372,2
35.49,27.663,5
40.728,78.749,5
37.226,72.188,5
-18.125,-178.387,3
35.369,27.582,5
-11.307,166.353,2
-8.408,127.937,2
-6.637,-75.166,1
42.963,146.277,2
-55.68,-28.441,0
-3.279,146.248,2
35.799,-83.962,3
32.896,-116.2293333,3
37.1398333,-116.0831667,3
18.923,-104.127,3
19.238,145.399,2
17.661,-94.425,3
14.325,-98.122,3
-5.385,142.394,2
14.812,-45.091,1
-14.213,167.24,2
-15.587,-74.262,1
-21.226,-177.491,3
34.868,99.56,2
-22.721,-66.123,1
-7.623,-148.345,3
34.975,140.91,2
28.158,139.891,2
-5.482,153.339,2
58.301,-151.759,3
-30.805,-71.5,1
13.826,144.638,2
34.311,25.062,5
-19.738,-177.989,3
-5.549,-77.084,1
18.944,-103.376,3
16.83,-60.946,1
-21.482,-68.502,1
-7.393,68.767,4
34.999,141.329,2
15.181,-60.457,1
-25.539,-70.572,1
40.705,74.135,5
38.381,20.133,5
-0.497,-16.164,0
-5.542,-80.91,1
-29.822,-177.562,3
-20.599,-176.907,3
50.069,-178.048,3
16.141,-97.009,3
13.82,120.814,2
-30.321,-177.381,3
-5.531,110.198,2
6.882,-72.993,1
-23.677,-111.722,1
-32.679,-73.003,1
53.574,169.571,3
-30.363,-177.125,3
14.504,-90.977,1
-2.255,-78.349,1
13.801,144.567,2
-11.023,164.713,2
19.382,145.365,2
39.971,20.103,5
1.364,-29.516,1
24.115,-108.89,3
29.523,51.152,5
40.232,78.862,5
50.745,157.079,3
12.705,-88.027,1
51.879,-179.297,3
18.493,-105.006,3
49.979,157.069,3
-23.877,-66.605,1
4.126,126.693,2
73.748,9.198,5
14.889,-60.652,1
-5.892,151.35,2
-19.635,-68.841,1
2.577,126.923,2
36.665,140.974,2
-5.363,153.13,2
-16.132,-173.703,3
-22.069,-114.093,1
53.449,169.829,3
-23.315,-67.985,1
51.356,174.036,3
11.819,42.698,4
44.361,-110.355,3
31.445,141.842,2
-11.284,162.506,2
14.685,-94.647,1
-34.059,-14.741,0
-19.952,-68.988,1
21.796,142.971,2
12.253,46.423,4
43.227,147.813,2
13.646,120.749,2
5.969,125.879,2
11.783,42.847,4
3.682,-82.487,1
-8.097,158.331,2
6.56,126.449,2
34.38,139.948,2
6.627,123.529,2
13.045,142.946,2
34.846,25.046,5
-16.766,28.163,4
38.579,70.772,5
-15.724,-173.999,3
-17.789,-172.514,3
-17.816,-173.253,3
26.835,55.443,5
4.929,-78.18,1
4.883,-78.112,1
4.9,-78.463,1
-3.753,150.98,2
-10.827,-76.45,1
38.709,33.004,5
4.587,-78.146,1
34.642,-4.073,5
50.993,89.734,5
-6.179,152.88,2
28.202,51.904,5
4.945,-77.876,1
33.341,57.384,5
36.368,70.367,5
-30.855,-71.378,1
-31.442,-68.737,1
-32.205,-71.291,1
-11.009,166.315,2
12.125,143.731,2
19.804,-75.399,1
51.701,-176.684,3
27.451,129.334,2
51.727,-175.415,3
-33.156,-68.751,1
11.474,-87.266,1
-8.467,-73.966,1
-15.261,167.502,2
-25.986,-70.97,1
-22.338,-65.917,1
-20.843,-178.608,3
46.643,140.847,2
25.677,-45.57,1
23.208,121.507,2
-22.481,-70.163,1
42.377,18.645,5
14.472,-92.052,1
-4.503,143.564,2
26.462,61.115,5
26.58,61.028,5
-4.666,-77.225,1
53.135,160.006,3
3.518,124.272,2
-1.365,67.305,4
14.203,-91.402,1
39.786,143.312,2
36.928,71.38,5
41.551,142.462,2
35.935,140.12,2
40.987,82.041,2
43.206,145.83,2
42.658,145.989,2
42.334,145.692,2
42.963,146.156,2
42.738,145.947,2
42.733,145.618,2
43.284,145.969,2
-5.263,150.644,2
-28.504,-176.648,3
42.701,145.057,2
43.012,146.177,2
43.109,146.397,2
43.258,146.796,2
53.954,-35.157,5
-1.059,126.725,2
-36.485,-101.076,1
32.342,99.965,2
6.079,125.575,2
49.775,-28.429,5
37.774,72.171,5
58.057,-137.731,3
-41.691,-16.146,0
-41.624,-16.386,0
58.014,-137.854,3
-27.661,-63.243,1
-15.726,-73.665,1
-21.504,-177.945,3
-24.034,-116.016,1
48.191,154.966,3
2.352,126.838,2
57.926,-138.06,3
-22.901,-70.597,1
-27.952,-176.385,3
-5.651,151.456,2
17.629,-81.599,1
33.2,75.568,2
52.653,172.137,3
-36.07,53.071,4
41.351,142.789,2
-22.519,-179.477,3
12.526,125.293,2
-5.123,153.307,2
36.219,140.019,2
-21.431,-67.874,1
-26.892,-71.099,1
-26.824,-71.077,1
36.503,140.648,2
30.869,101.06,2
52.595,158.793,3
43.01,147.635,2
0.77,-29.714,1
31.056,49.996,5
18.268,120.764,2
51.534,-178.045,3
-26.834,-71.089,1
33.153,140.567,2
-26.847,-71.044,1
26.929,141.242,2
41.749,19.388,5
33.838,141.692,2
-19.172,-173.177,3
-10.835,165.92,2
72.352,1.689,5
-26.847,26.77,4
51.322,-176.646,3
-17.65,-13.538,0
-18.811,176.159,3
36.82,134.614,2
36.368,71.202,5
-30.257,-72.698,1
-14.049,166.517,2
-6.223,148.792,2
-32.22,-71.117,1
51.285,-179.258,3
43.471,45.47,5
43.727,-127.479,3
51.909,-173.71,3
-56.185,-27.137,0
-28.328,-71.131,1
43.953,148.334,2
51.099,-129.876,3
45.795,26.481,5
-21.308,33.368,4
39.89,143.542,2
39.451,143.47,2
40.743,20.986,5
-9.833,151.903,2
38.263,70.374,5
42.996,143.87,2
-37.8,-73.645,1
38.536,20.086,5
-23.83,-175.235,3
-18.076,-177.942,3
30.452,59.865,5
-22.111,-179.734,3
12.364,142.636,2
40.125,142.311,2
-32.515,-71.687,1
37.195,-121.575,3
-32.895,-72.015,1
-32.947,-71.875,1
16.212,122.361,2
-5.422,146.776,2
16.118,122.356,2
-25.034,179.644,3
55.647,162.205,3
6.857,-73.005,1
29.75,-113.261,3
34.877,141.564,2
34.728,26.179,5
-14.671,167.269,2
5.055,-32.647,1
19.488,-64.435,1
-26.913,-70.946,1
-60.103,-57.827,0
18.76,145.507,2
48.337,146.199,3
41.536,79.455,5
-35.68,-71.039,1
4.934,-32.64,1
17.114,-46.298,1
5.185,-32.848,1
61.57,-140.435,3
-8.338,-74.337,1
-21.092,-178.156,3
52.608,-175.09,3
6.766,-72.962,1
12.417,-88.307,1
41.513,142.073,2
14.636,-90.219,1
19.271,120.71,2
18.032,-94.248,3
-18.126,-178.358,3
6.936,123.401,2
42.414,142.666,2
-4.365,154.134,2
-31.98,-71.245,1
31.882,129.226,2
-23.596,-67.97,1
30.201,-113.096,3
-18.217,-173.384,3
25.14,122.591,2
-55.781,-28.205,0
-55.696,-28.119,0
-14.937,-176.125,3
41.577,142.038,2
34.443,91.57,2
3.521,-79.199,1
31.709,71.971,2
11.034,-61.884,1
-56.055,-28.937,0
-55.607,-28.43,0
13.317,-94.543,1
40.978,138.198,2
71.529,-5.754,5
41.305,-29.272,5
14.994,120.158,2
33.475,140.866,2
33.273,140.926,2
-24.193,179.547,3
12.174,-76.865,1
-13.857,168.942,2
-5.608,154.362,2
-6.854,30.302,4
-4.872,151.554,2
-15.713,-75.082,1
-6.812,154.622,2
35.144,22.56,5
-30.309,-69.401,1
11.035,-73.406,1
32.729,68.379,5
34.972,140.705,2
-10.349,160.894,2
0.024,-91.206,1
-12.106,-77.293,1
-6.528,106.965,2
-17.549,-178.869,3
33.213,141.054,2
42.895,82.07,5
59.399,-143.316,3
50.468,156.426,3
-27.917,-66.441,1
-6.264,152.152,2
38.427,20.01,5
35.544,71.013,5
31.893,56.122,5
-21.053,-178.005,3
-31.435,-71.753,1
-18.129,-178.662,3
-30.458,-177.589,3
52.764,-163.888,3
-30.423,-177.417,3
40.191,33.852,5
34.411,23.839,5
29.01,142.081,2
13.214,119.651,2
44.887,141.097,2
-17.979,-178.663,3
-19.163,168.72,2
2.283,126.73,2
53.608,-164.341,3
49.837,157.299,3
-14.935,-71.126,1
-4.226,-80.633,1
-14.699,-71.155,1
-31.701,-68.229,1
27.686,33.644,5
37.907,70.094,5
18.848,-104.842,3
-37.177,-73.699,1
38.47,93.556,2
31.882,49.138,5
18.613,145.532,2
32.019,49.358,5
10.73,-43.438,1
36.087,-106.168,3
59.415,-145.527,3
26.78,53.427,5
2.11,126.354,2
38.304,141.283,2
-4.501,133.16,2
2.095,126.439,2
44.363,-110.413,3
42.574,144.027,2
67.759,-18.556,5
12.16,46.192,4
43.513,147.756,2
43.514,147.559,2
43.55,147.715,2
51.766,-173.48,3
45.967,-27.609,5
11.757,42.786,4
-21.103,-68.36,1
36.371,71.346,5
-36.568,52.042,4
-21.685,-174.444,3
43.506,146.757,2
17.229,-99.47,3
-18.562,-177.959,3
34.3,-112.617,3
38.241,26.841,5
35.177,23.395,5
-33.315,-70.856,1
64.629,-17.548,5
4.912,-78.324,1
4.924,-78.099,1
-3.8,151.307,2
4.735,-78.26,1
4.655,-78.287,1
33.392,140.943,2
5.003,-78.091,1
5.21,-77.901,1
-17.348,-178.515,3
19.727,120.904,2
4.803,-78.831,1
4.796,-78.472,1
44.003,148.361,2
-8.452,32.758,4
20.801,145.53,2
-5.528,153.176,2
-4.434,-105.012,1
39.391,71.034,5
12.124,143.698,2
53.539,-163.686,3
4.909,-77.585,1
39.018,29.229,5
41.896,-126.72,3
-17.807,167.875,2
-23.662,179.594,3
36.377,71.116,5
12.368,143.862,2
-5.112,154.59,2
-22.266,-67.611,1
6.833,-72.955,1
27.998,57.926,5
51.65,-173.282,3
51.647,-173.337,3
-22.341,-69.854,1
-36.707,-96.065,1
-24.192,-66.999,1
50.64,-129.8,3
51.578,174.61,3
-17.357,167.712,2
37.185,-116.2151667,3
43.417,-126.106,3
-6.403,144.221,2
-17.519,167.657,2
15.946,-97.913,3
28.089,52.081,5
25.99,-110.113,3
-5.487,150.101,2
46.193,16.093,5
53.768,161.686,3
15.04,-93.427,1
55.002,112.571,2
43.166,146.369,2
43.164,146.487,2
25.785,127.214,2
16.612,-100.6,3
43.165,146.326,2
41.068,143.714,2
42.92,146.282,2
43.543,146.952,2
42.749,145.734,2
4.897,-77.907,1
6.868,-72.978,1
25.71,130.856,2
40.181,142.235,2
43.209,146.409,2
14.29,-90.706,1
-18.158,-178.593,3
-17.244,-172.49,3
-56.245,-26.44,0
43.375,145.934,2
57.932,-137.693,3
58.068,-137.312,3
44.735,-129.395,3
-27.211,-71.284,1
43.066,146.525,2
27.253,127.456,2
50.15,156.259,3
-27.204,-71.269,1
-50.007,-113.908,1
11.842,125.488,2
-2.18,68.068,4
-26.871,-71.167,1
50.897,-129.707,3
51.695,159.439,3
-27.76,-177.103,3
8.024,-37.961,1
35.034,24.754,5
-30.516,-179.329,3
6.917,126.609,2
-52.612,25.882,0
-5.49,146.929,2
10.371,94.32,2
-29.474,-71.796,1
12.415,-87.407,1
40.882,143.167,2
-4.251,-80.49,1
37.147,141.617,2
16.53,-98.34,3
7.0,91.23,2
37.54,56.494,5
0.878,-29.844,1
14.318,-60.923,1
31.08,49.87,5
-26.79,-71.096,1
52.478,-32.38,5
-26.708,-70.882,1
41.521,142.47,2
45.105,-28.124,5
-19.875,169.622,2
11.379,121.3,2
6.862,-73.051,1
16.431,-94.752,3
-12.3,166.121,2
-17.953,-178.669,3
51.245,-179.211,3
51.107,-179.044,3
51.158,-179.312,3
51.706,-173.765,3
-29.649,-71.489,1
-5.228,152.441,2
16.907,145.43,2
15.387,120.521,2
42.752,143.148,2
-30.158,-177.609,3
39.474,143.303,2
10.902,-61.6,1
18.686,-62.481,1
38.97,70.555,5
14.646,-94.258,1
-15.438,-174.911,3
14.249,-93.476,1
14.693,145.365,2
-59.074,-26.132,0
44.593,-129.263,3
-23.358,-66.33,1
51.63,-173.867,3
36.544,23.971,5
54.722,161.77,3
10.095,126.755,2
-19.393,-177.661,3
-17.032,-174.416,3
32.599,141.315,2
-15.486,-172.267,3
-33.179,-72.063,1
-32.696,-71.857,1
-33.162,-72.196,1
45.661,151.654,3
45.792,151.734,3
28.507,142.222,2
-4.136,-76.235,1
-14.247,167.481,2
34.395,28.306,5
28.911,-113.449,3
-33.25,-71.982,1
13.262,-89.768,1
-31.979,-71.922,1
58.596,-31.865,5
-28.644,-178.601,3
40.11,142.417,2
-25.441,-13.722,0
5.039,-32.543,1
-18.334,-178.236,3
28.468,142.628,2
17.508,-105.957,3
-15.208,167.458,2
40.877,48.189,5
66.603,-19.878,5
66.911,-19.47,5
-6.884,130.423,2
-33.077,-72.101,1
13.233,-87.994,1
-8.745,-79.386,1
-1.396,-79.533,1
43.645,147.932,2
51.787,-175.31,3
27.722,55.518,5
19.25,120.728,2
-15.328,-74.023,1
-6.621,146.596,2
59.825,-153.255,3
41.979,142.594,2
14.165,-92.643,1
61.352,-138.975,3
43.473,-126.788,3
-16.632,-174.566,3
38.86,77.604,5
-55.816,-28.136,0
-55.761,-28.16,0
-55.774,-28.204,0
-55.825,-27.888,0
16.455,-97.978,3
18.706,-64.583,1
-56.304,-28.588,0
-24.251,-67.143,1
43.318,147.537,2
15.649,-94.613,3
37.32,29.63,5
34.4308333,-116.8533333,3
32.5973333,-118.1871667,3
13.897,-44.876,1
13.743,-45.266,1
5.535,127.205,2
71.585,-6.701,5
45.555,26.589,5
-23.534,-179.966,3
-19.249,-70.472,1
71.649,-5.93,5
71.326,-8.024,5
36.836,137.362,2
71.566,-6.871,5
31.191,51.281,5
-0.459,-77.957,1
-15.7,-70.344,1
32.751,48.011,5
32.824,68.287,5
-7.548,-148.349,3
13.7,-89.324,1
51.048,-179.206,3
-0.047,-91.222,1
0.127,-91.099,1
7.71,59.565,4
17.599,-105.263,3
-35.46,-97.039,1
42.373,-29.43,5
18.205,-105.86,3
71.558,-6.905,5
37.76,29.706,5
24.34,94.413,2
-30.292,-177.408,3
36.184,71.129,5
32.431,137.416,2
-35.773,-100.095,1
33.261,140.455,2
36.744,70.868,5
-18.249,-178.489,3
-17.396,-173.086,3
-32.584,-71.462,1
-35.871,-102.574,1
34.619,141.478,2
-11.159,-74.773,1
25.769,142.901,2
48.613,154.221,3
13.611,-90.687,1
37.535,29.905,5
-29.87,-176.91,3
6.866,-72.994,1
51.17,173.99,3
58.446,-151.075,3
26.015,-110.242,3
-3.814,-104.52,1
23.861,123.42,2
31.816,139.167,2
37.699,69.979,5
14.081,-92.197,1
-17.053,-73.651,1
43.633,147.555,2
-4.535,152.883,2
-22.166,-69.73,1
29.89,141.955,2
-20.655,-178.443,3
38.813,140.8,2
33.484,140.874,2
42.051,-112.525,3
-30.356,-178.141,3
43.471,12.465,5
28.246,53.48,5
44.545,-110.133,3
55.112,161.901,3
63.597,-150.946,3
38.379,143.013,2
2.814,-83.899,1
43.459,146.608,2
5.02,-78.15,1
5.076,-77.972,1
5.123,-78.192,1
4.836,-78.083,1
36.007,140.221,2
34.252,26.324,5
4.919,-78.16,1
-29.616,-68.65,1
12.322,-89.539,1
-17.85,167.649,2
29.93,131.612,2
36.471,-12.326,5
50.978,157.809,3
57.201,-153.186,3
4.83,-78.166,1
-25.027,-69.961,1
-4.385,153.47,2
-19.555,-71.223,1
-19.585,-71.114,1
13.681,145.122,2
16.865,-98.016,3
29.491,130.505,2
-17.777,167.687,2
11.711,-62.268,1
39.856,77.808,5
19.207,-108.313,3
57.55,-33.142,5
42.775,45.879,5
7.982,-83.022,1
51.921,-173.376,3
15.826,-96.587,3
60.161,-153.955,3
-10.379,34.294,4
-50.11,-6.886,0
-36.114,-100.7,1
-56.05,-25.271,0
33.264,140.403,2
6.023,127.115,2
-17.323,167.726,2
27.347,140.099,2
43.804,147.145,2
52.178,-170.191,3
22.363,121.105,2
22.416,121.007,2
-8.9,-109.555,1
14.409,-105.423,3
6.827,-72.999,1
51.425,-179.295,3
42.793,146.328,2
43.382,146.178,2
19.749,-109.222,3
-20.258,-177.978,3
42.973,146.144,2
42.938,146.52,2
-25.339,179.527,3
59.406,-144.688,3
43.768,145.707,2
-10.494,161.897,2
48.382,145.952,3
33.425,140.857,2
13.158,124.581,2
-15.53,167.129,2
43.241,146.346,2
24.152,95.035,2
-27.508,-176.771,3
38.522,49.532,5
35.304,141.287,2
43.503,146.413,2
-10.525,34.27,4
-28.255,-176.647,3
-21.981,-67.12,1
43.044,146.167,2
36.54,70.835,5
-8.639,160.906,2
10.457,93.276,2
-32.522,-67.994,1
10.586,94.064,2
36.081,31.358,5
24.139,125.124,2
5.963,127.045,2
-16.723,-177.75,3
-37.547,-73.077,1
42.357,146.105,2
12.14,-88.983,1
-11.191,166.186,2
42.82,145.393,2
52.398,172.106,3
75.063,9.872,5
-31.309,179.792,3
-9.54,124.996,2
-6.953,155.379,2
-17.572,-174.75,3
-14.013,166.598,2
-19.451,-177.966,3
-14.131,166.356,2
-15.474,-176.257,3
-2.485,150.855,2
-28.195,-177.052,3
-14.49,-175.875,3
-20.894,-174.087,3
39.324,143.161,2
34.443,139.377,2
39.584,143.152,2
-17.919,-178.725,3
50.32,-129.651,3
16.412,-61.805,1
36.68,30.141,5
32.731,48.359,5
33.114,140.64,2
60.731,-153.311,3
-18.119,-70.859,1
8.389,-73.156,1
40.322,-127.146,3
-33.101,-72.096,1
-33.462,-72.227,1
-33.035,-72.2,1
-33.099,-71.997,1
-31.732,-71.741,1
34.87,26.251,5
-10.85,165.302,2
29.981,-113.262,3
29.472,-113.658,3
52.381,-168.534,3
36.932,21.567,5
32.359,141.662,2
5.013,-32.62,1
18.09,-106.108,3
17.311,-105.719,3
-19.981,168.561,2
0.026,125.21,2
56.274,162.861,3
35.237,133.258,2
70.891,52.868,5
59.841,-152.784,3
66.747,-19.657,5
66.816,-19.537,5
67.301,-18.991,5
17.217,-26.615,1
41.728,13.869,5
18.104,-102.714,3
-21.147,33.161,4
56.837,-158.659,3
19.188,121.224,2
44.022,13.231,5
37.803,30.961,5
59.997,-153.511,3
-5.915,151.645,2
35.438,27.682,5
12.992,143.418,2
42.405,141.4,2
-55.694,-28.154,0
-55.671,-27.268,0
13.895,-92.694,1
37.1483333,-116.0858333,3
31.7808333,-115.854,3
38.221,20.165,5
11.603,-62.54,1
35.601,21.939,5
-10.886,162.425,2
71.274,-7.571,5
-27.847,-66.587,1
36.225,70.974,5
52.234,-169.594,3
56.138,164.065,3
52.166,-169.697,3
51.855,178.243,3
71.184,-8.218,5
-24.427,-66.628,1
-15.944,-174.028,3
34.985,140.852,2
7.841,127.044,2
38.171,19.548,5
38.182,19.873,5
33.154,141.101,2
42.691,94.28,2
-14.889,167.323,2
35.166,140.954,2
33.343,141.833,2
66.262,-157.48,3
35.04,140.927,2
43.756,145.112,2
31.404,141.831,2
37.845,134.354,2
57.074,-155.913,3
28.902,129.791,2
5.202,-78.104,1
36.341,71.236,5
-33.93,-69.968,1
33.162,140.444,2
-31.299,-69.174,1
37.798,139.793,2
38.32,20.278,5
62.997,-150.624,3
2.135,-96.066,1
38.666,98.684,2
-12.593,166.449,2
44.766,148.217,2
44.812,-111.122,3
51.352,-179.151,3
41.817,-118.671,3
41.844,-118.419,3
-22.595,-70.805,1
10.06,93.338,2
-24.304,-70.215,1
70.668,-13.123,5
9.76,-73.679,1
-4.267,152.801,2
43.684,147.862,2
21.937,142.786,2
62.218,-151.056,3
46.172,153.266,3
37.09,30.173,5
-32.251,-68.583,1
13.613,122.774,2
67.275,-161.044,3
36.314,-33.908,5
25.781,-109.529,3
33.454,141.742,2
40.924,142.766,2
68.166,-18.904,5
17.189,-101.279,3
-27.927,-63.256,1
36.589,141.922,2
-32.377,-68.689,1
44.224,146.998,2
14.875,146.622,2
43.825,147.637,2
27.878,52.515,5
52.085,158.602,3
33.077,75.673,2
-9.635,-78.97,1
34.486,24.247,5
10.26,-85.015,1
35.649,140.73,2
-21.255,-178.726,3
36.02,27.505,5
42.318,142.327,2
49.417,6.033,5
37.285,30.265,5
47.15,152.695,3
36.536,71.421,5
39.246,142.407,2
-28.946,-177.052,3
4.889,-78.086,1
4.882,-78.158,1
-22.521,-68.486,1
-5.862,153.285,2
-16.273,-176.613,3
76.604,-107.411,3
-18.324,-70.866,1
12.344,-87.949,1
-19.497,-71.216,1
53.569,-163.715,3
33.074,140.482,2
-19.965,33.467,4
38.612,70.353,5
-10.341,33.764,4
34.332,136.376,2
41.355,144.324,2
-34.165,-72.095,1
43.889,151.977,3
-8.356,32.68,4
30.333,131.129,2
-17.011,176.727,3
4.4,96.329,2
-12.636,166.453,2
40.118,142.361,2
51.741,176.251,3
-1.312,-77.792,1
43.23,145.793,2
19.119,-73.244,1
28.164,142.551,2
54.97,159.417,3
18.039,-100.456,3
55.971,163.748,3
34.215,26.191,5
-19.252,-177.916,3
42.929,145.61,2
43.167,145.76,2
43.26,145.713,2
42.892,145.825,2
42.932,145.348,2
4.026,-87.794,1
42.747,146.224,2
42.676,146.228,2
43.211,146.72,2
43.299,146.736,2
43.049,147.05,2
43.046,146.397,2
68.291,-135.242,3
43.266,146.874,2
28.322,66.921,5
36.649,141.526,2
-24.984,179.737,3
11.949,-87.541,1
13.663,-91.202,1
13.275,124.521,2
-21.854,-68.182,1
-27.0,-71.093,1
11.842,-87.761,1
-25.162,179.397,3
-26.962,-71.199,1
-15.203,167.914,2
56.256,163.712,3
33.143,75.585,2
14.855,144.258,2
42.629,145.561,2
-29.938,-177.892,3
-21.438,-179.011,3
79.749,4.679,5
41.261,142.843,2
-19.151,-70.15,1
19.373,-108.763,3
-3.868,-80.878,1
40.893,34.603,5
46.363,140.894,2
-15.964,-69.445,1
53.862,163.829,3
22.154,121.663,2
6.861,-72.984,1
-26.777,-70.872,1
-26.376,-70.926,1
36.241,141.188,2
-32.221,-179.965,2
14.185,93.698,2
32.154,138.04,2
11.943,141.367,2
36.439,70.736,5
7.309,-72.867,1
13.508,93.743,2
39.387,143.301,2
59.897,-152.845,3
-23.578,-64.797,1
33.535,132.3,2
39.486,143.23,2
33.68,132.647,2
39.343,143.468,2
-23.566,179.75,3
35.847,21.862,5
-8.213,37.141,4
-20.08,-178.424,3
18.715,146.181,2
40.629,141.627,2
51.449,178.934,3
17.782,-101.08,3
32.609,48.291,5
45.838,151.741,3
-32.801,-71.782,1
-33.119,-71.996,1
36.549,70.936,5
18.945,-64.513,1
-33.23,-72.094,1
22.205,144.818,2
30.048,-113.486,3
61.148,-59.318,3
20.625,-155.915,3
-42.676,83.692,4
52.358,-168.328,3
40.571,-126.25,3
-23.844,179.664,3
46.109,143.21,2
33.568,141.279,2
35.779,52.567,5
66.743,-19.337,5
66.826,-19.677,5
66.497,-19.293,5
66.495,-19.582,5
24.168,121.8,2
37.748,29.383,5
33.053,141.097,2
51.423,-175.441,3
41.135,141.815,2
38.971,70.744,5
6.895,-73.105,1
57.769,-153.297,3
-27.95,-66.318,1
-3.284,149.379,2
41.572,142.059,2
37.0048333,-116.0283333,3
31.5491667,-115.4788333,3
37.2003333,-116.2031667,3
36.6051667,-119.3075,3
71.567,-7.284,5
33.492,140.85,2
38.003,46.427,5
55.216,-159.939,3
6.839,-72.926,1
36.465,27.217,5
14.714,-45.187,1
10.663,-62.644,1
-6.832,154.744,2
5.114,-78.458,1
0.489,125.478,2
57.08,-152.473,3
54.277,-162.755,3
28.186,141.586,2
33.228,140.776,2
33.321,140.669,2
28.133,139.066,2
36.861,141.005,2
16.211,-97.515,3
33.15,142.328,2
35.096,140.834,2
-14.421,167.28,2
-32.679,-71.779,1
38.279,20.34,5
39.064,28.919,5
35.695,23.924,5
-27.349,-71.983,1
19.34,-108.562,3
45.015,36.412,5
-28.34,-67.341,1
-31.371,-69.122,1
17.711,120.641,2
26.733,66.409,2
34.728,132.337,2
6.723,-72.846,1
34.454,141.476,2
38.852,29.854,5
33.158,140.667,2
28.528,129.11,2
41.831,-118.546,3
16.759,-96.798,3
50.223,157.23,3
37.556,23.624,5
51.116,-179.392,3
14.164,-91.086,1
63.218,-150.833,3
57.494,-33.243,5
48.952,-128.927,3
32.237,139.417,2
26.88,123.028,2
34.351,141.43,2
-17.221,-69.353,1
50.539,-129.591,3
-7.223,-76.509,1
14.028,-90.226,1
33.67,140.435,2
53.19,-162.34,3
6.013,127.206,2
33.308,141.03,2
44.359,148.009,2
41.03,142.799,2
62.974,-150.835,3
43.61,147.675,2
-17.481,-72.764,1
43.777,147.678,2
43.736,147.618,2
51.31,174.113,3
27.017,139.961,2
-29.515,-71.453,1
20.89,-45.758,1
64.608,-160.052,3
44.439,-110.451,3
33.508,140.94,2
50.831,-129.517,3
-21.518,-68.182,1
54.805,-160.437,3
19.967,-154.667,3
44.049,12.774,5
71.732,-71.268,3
29.678,68.266,5
19.917,-155.733,3
5.053,-78.461,1
41.17,142.766,2
80.074,-114.047,3
-18.534,-71.188,1
4.71,-78.779,1
-10.867,166.812,2
43.343,43.766,5
49.991,-178.463,3
4.79,-78.788,1
-25.383,-179.796,3
-22.946,-66.389,1
41.852,145.544,2
-22.414,-68.458,1
18.665,145.497,2
28.312,139.389,2
-6.303,30.047,4
-31.599,-69.43,1
8.053,-83.199,1
24.321,94.852,2
18.774,-103.16,3
43.345,-126.767,3
-13.097,167.0,2
37.265,135.11,2
14.067,-92.188,1
14.115,-91.857,1
27.688,56.287,5
53.688,161.637,3
53.712,161.667,3
53.645,161.756,3
19.718,-109.316,3
-4.761,153.685,2
42.55,145.53,2
-17.668,-178.69,3
-15.906,-74.186,1
-21.397,-68.33,1
43.108,146.585,2
37.754,-116.153,3
-20.723,-178.801,3
43.012,146.879,2
-5.561,148.278,2
43.02,146.215,2
33.095,140.722,2
-11.044,163.27,2
14.947,-93.202,1
57.689,-137.509,3
39.685,23.964,5
53.405,159.591,3
43.693,146.646,2
36.26,139.746,2
42.698,146.027,2
41.644,19.893,5
-5.904,154.833,2
36.065,139.951,2
-27.034,-71.184,1
-26.979,-71.098,1
51.797,159.298,3
-27.053,-71.149,1
-13.751,169.025,2
22.096,143.204,2
-26.785,-70.825,1
-26.954,-71.131,1
39.149,-111.508,3
-25.45,-70.306,1
43.51,146.774,2
36.984,71.975,5
10.28,93.916,2
10.412,95.083,2
43.615,139.279,2
42.713,147.72,2
31.637,141.595,2
56.43,160.877,3
33.108,140.729,2
-20.811,-69.39,1
-22.079,-70.003,1
34.217,136.441,2
51.785,175.512,3
27.983,56.711,5
36.566,141.335,2
43.478,143.356,2
-32.626,-71.026,1
13.023,-90.598,1
39.537,143.087,2
36.53,26.922,5
43.0,145.023,2
38.6,-122.152,3
28.293,139.402,2
30.718,49.251,5
37.148,-104.571,3
-21.169,-68.198,1
-33.191,-72.245,1
77.064,5.929,5
33.309,140.949,2
70.807,53.231,5
-22.632,-68.55,1
-9.796,-78.853,1
-22.765,-70.998,1
38.128,20.259,5
-38.467,-74.662,1
43.996,11.232,5
38.741,25.237,5
32.408,48.105,5
32.168,-40.284,1
32.575,48.309,5
37.198,-122.007,3
57.87,-153.29,3
40.307,29.807,5
0.02,-29.208,1
33.729,137.296,2
-27.086,-63.356,1
41.186,141.735,2
36.556,-121.6151667,3
37.3765,-116.1148333,3
32.602,-118.0905,3
37.011,-116.0245,3
42.216,-29.49,5
71.365,-7.718,5
33.623,140.513,2
36.929,141.932,2
35.956,139.493,2
37.801,141.712,2
-17.658,-178.782,3
37.235,141.084,2
33.058,140.835,2
37.386,142.062,2
52.637,-170.914,3
33.191,140.691,2
37.276,69.656,5
38.72,142.375,2
34.321,140.421,2
5.522,-73.449,1
30.201,138.517,2
34.864,140.907,2
49.316,141.913,2
38.257,20.263,5
55.912,163.702,3
33.107,142.293,2
1.419,-91.326,1
38.247,20.147,5
34.957,24.48,5
38.844,29.425,5
-14.826,-67.917,1
33.133,140.684,2
29.208,142.382,2
42.323,133.909,2
-20.901,-68.636,1
33.353,140.959,2
37.691,137.564,2
41.887,142.345,2
43.626,147.57,2
34.594,141.362,2
-1.364,-80.421,1
-15.882,-72.082,1
51.559,-173.56,3
38.425,21.089,5
40.009,140.763,2
40.781,143.276,2
26.14,-109.999,3
45.72,26.658,5
-33.103,-71.47,1
43.576,146.366,2
43.494,147.73,2
-22.53,-67.367,1
43.419,147.689,2
43.545,147.726,2
43.865,147.698,2
43.576,147.846,2
6.845,-72.971,1
51.829,178.297,3
15.314,-91.453,1
36.11,73.494,5
52.753,172.725,3
37.273,141.741,2
33.081,140.797,2
44.568,143.431,2
51.021,-179.944,3
-4.007,151.845,2
4.078,-79.295,1
-15.251,-71.947,1
-16.696,-73.955,1
-1.978,-78.398,1
14.925,-91.161,1
19.025,-64.963,1
36.425,68.12,5
35.821,-34.653,5
-21.967,-179.394,3
20.378,-109.166,3
-24.369,-67.133,1
35.932,69.674,5
-28.04,-69.268,1
33.526,140.838,2
51.792,-173.429,3
51.177,-179.899,3
71.896,-75.901,3
-31.718,-69.209,1
-23.707,-179.956,3
44.667,9.515,5
33.276,140.767,2
-2.067,-79.963,1
-30.137,-71.816,1
36.215,28.379,5
53.66,161.333,3
42.992,145.552,2
43.027,145.316,2
10.495,93.553,2
43.519,145.903,2
-14.656,-178.913,3
42.217,145.35,2
-16.921,175.88,3
43.263,146.283,2
43.722,144.206,2
34.792,136.113,2
43.302,146.469,2
-33.799,-71.554,1
54.174,-35.135,5
-27.647,-71.677,1
-27.21,-71.323,1
58.016,-137.299,3
-27.484,-70.911,1
-19.396,-69.608,1
36.568,71.014,5
59.368,-152.438,3
18.721,145.345,2
18.585,-106.347,3
17.114,-95.191,3
63.803,-149.11,3
29.575,143.046,2
31.124,-113.33,3
38.968,70.638,5
37.017,28.379,5
13.623,-92.295,1
-26.989,-71.085,1
6.892,-73.01,1
43.462,146.212,2
41.948,-106.798,3
38.8,20.186,5
39.869,20.59,5
30.924,49.966,5
-23.834,-66.717,1
51.331,-176.459,3
63.235,-150.426,3
36.086,139.856,2
40.215,142.429,2
30.778,141.536,2
28.737,141.388,2
40.298,144.019,2
30.197,99.636,2
17.069,-99.125,3
39.476,143.121,2
39.902,143.494,2
12.824,-89.792,1
39.298,143.473,2
63.993,-22.223,5
-5.929,147.498,2
51.137,-173.274,3
-21.107,-66.57,1
35.007,135.608,2
34.854,28.346,5
39.383,143.471,2
36.089,141.032,2
32.962,84.641,2
61.714,-141.207,3
10.699,-61.993,1
36.341,21.205,5
66.308,-157.368,3
35.694,140.711,2
-31.489,-71.683,1
32.858,75.546,2
-32.727,-71.983,1
39.504,143.263,2
53.557,-163.244,3
51.732,-176.232,3
57.178,-153.894,3
42.822,144.0,2
35.287,27.299,5
-21.357,-68.592,1
37.0253333,-115.7405,3
36.9435,-115.2535,3
16.809,145.674,2
-23.762,-179.869,3
32.948,75.34,2
33.275,140.611,2
32.916,138.137,2
60.138,-153.421,3
9.357,-62.821,1
33.308,139.956,2
43.35,140.435,2
37.003,-3.619,5
-12.913,-73.453,1
35.175,141.054,2
33.217,140.636,2
67.15,-135.811,3
6.865,-72.889,1
40.557,143.356,2
43.494,138.944,2
33.657,132.286,2
35.098,140.812,2
63.734,-148.442,3
38.739,23.673,5
41.799,20.048,5
16.814,-104.233,3
22.618,141.715,2
36.597,70.939,5
35.295,139.147,2
40.764,140.489,2
35.92,21.752,5
30.191,129.998,2
-22.824,-66.998,1
24.702,123.799,2
44.422,-110.465,3
40.858,143.027,2
34.474,137.536,2
40.825,143.141,2
30.916,50.528,5
51.341,151.848,3
52.213,-177.082,3
14.724,-93.568,1
43.928,148.217,2
-21.438,-68.405,1
50.96,-179.898,3
-20.901,-179.294,3
32.957,141.012,2
33.497,140.462,2
38.352,141.743,2
-17.429,-69.543,1
38.109,19.771,5
-17.593,-178.596,3
33.124,141.01,2
34.998,56.989,5
44.287,148.234,2
-5.685,147.205,2
15.797,-95.973,3
63.205,-150.741,3
56.98,-153.268,3
45.549,12.009,5
3.013,-83.961,1
65.142,-147.018,3
43.3,145.956,2
42.833,145.76,2
43.082,147.331,2
-16.579,175.65,3
42.87,146.124,2
15.673,145.667,2
42.697,145.829,2
10.421,-64.07,1
36.654,142.576,2
43.299,147.286,2
37.874,141.977,2
-27.029,-71.001,1
-27.099,-71.164,1
18.534,-108.454,3
43.576,146.593,2
37.721,19.82,5
44.142,12.688,5
34.686,141.885,2
36.528,141.164,2
32.018,130.666,2
-26.92,-71.174,1
58.054,-137.66,3
33.48,140.304,2
33.409,141.137,2
-2.734,-77.967,1
11.403,-61.982,1
-26.823,-70.875,1
-30.746,-71.131,1
51.579,-176.379,3
-8.68,31.097,4
39.463,143.08,2
39.488,143.082,2
39.929,143.431,2
39.384,143.473,2
52.5,-170.115,3
53.295,161.598,3
19.754,-67.225,1
33.416,140.797,2
34.02,73.9,2
19.432,-108.667,3
35.711,140.641,2
-21.072,-69.058,1
34.176,47.696,5
-32.936,-72.089,1
-33.513,-71.644,1
-33.07,-72.22,1
-23.83,-70.152,1
60.123,-152.887,3
40.625,32.892,5
35.616,140.791,2
-14.505,-73.021,1
37.331,142.122,2
41.757,133.241,2
41.682,13.763,5
51.625,-175.185,3
60.024,-153.254,3
-14.33,167.109,2
37.29,-116.1,3
36.6351667,-115.492,3
36.983,-115.1786667,3
31.4365,-115.84,3
37.5805,-118.3375,3
37.6846667,-118.8523333,3
31.5541667,-115.6985,3
47.8601667,-123.4153333,3
33.16,140.915,2
52.184,-169.595,3
56.118,-135.763,3
33.106,140.982,2
33.28,141.06,2
36.453,69.437,5
52.363,-175.924,3
33.62,140.43,2
33.206,140.862,2
38.724,26.245,5
36.045,27.185,5
31.672,67.264,5
35.276,141.02,2
-20.65,-68.958,1
-21.625,-66.385,1
-22.44,-68.307,1
-20.386,-69.26,1
35.702,140.131,2
77.077,-105.824,3
41.951,142.32,2
52.533,-168.557,3
-14.232,170.904,2
48.338,146.22,3
33.441,140.946,2
36.097,141.547,2
33.285,140.939,2
51.977,-176.006,3
35.119,139.464,2
6.841,-72.983,1
39.31,21.017,5
51.459,179.622,3
52.676,-175.233,3
33.596,141.159,2
12.454,-90.082,1
-30.715,-71.888,1
32.754,140.046,2
56.841,-153.194,3
59.54,-152.109,3
53.404,-163.912,3
11.006,-61.345,1
33.595,137.184,2
51.252,175.992,3
36.301,140.931,2
26.945,53.433,5
37.255,141.286,2
53.712,161.786,3
-32.632,-71.748,1
49.303,152.621,3
40.721,27.447,5
58.037,-137.375,3
38.791,29.23,5
60.075,-140.887,3
-28.022,-176.385,3
33.288,140.83,2
46.8256667,-121.8171667,3
19.836,120.711,2
36.526,141.139,2
35.784,141.223,2
18.658,145.832,2
37.828,20.943,5
-15.669,-72.626,1
33.227,141.133,2
-20.873,-178.731,3
50.15,91.274,5
13.252,-90.564,1
33.941,141.559,2
34.478,136.669,2
36.203,-2.04,5
-26.989,-70.636,1
28.557,139.557,2
34.418,137.078,2
33.132,142.0,2
39.488,143.161,2
39.425,143.217,2
33.104,140.64,2
60.145,-140.847,3
-30.455,-71.44,1
37.047,142.107,2
40.278,-124.16,3
-31.717,-71.71,1
-31.757,-72.172,1
36.359,141.172,2
-17.784,-69.347,1
-20.161,-175.041,3
38.717,20.951,5
33.336,76.341,2
61.999,-150.616,3
51.086,-175.178,3
20.317,-155.417,3
37.848,42.409,5
59.401,-153.194,3
34.69,139.334,2
45.694,142.314,2
-33.174,-72.119,1
-33.349,-70.91,1
51.26,-175.959,3
37.1428333,-118.987,3
36.5308333,-121.4478333,3
34.0508333,-119.0066667,3
37.2,-115.8,3
0.705,-79.962,1
33.331,141.047,2
36.064,73.365,5
36.685,57.514,5
35.919,137.678,2
-15.156,167.61,2
38.959,141.181,2
45.691,26.276,5
35.069,140.9,2
-16.878,-69.686,1
41.054,20.118,5
17.344,-105.422,3
61.759,-150.177,3
30.854,140.478,2
58.247,-152.703,3
36.423,139.499,2
36.546,71.274,5
47.27,-122.8561667,3
34.137,135.816,2
39.718,-75.441,3
36.258,-7.283,5
6.833,-72.911,1
51.206,179.586,3
36.612,71.198,5
17.699,-103.553,3
-17.591,-178.708,3
39.345,29.157,5
38.138,70.001,5
-30.302,-68.09,1
61.233,-149.472,3
39.968,20.612,5
34.168,26.343,5
51.71,-179.873,3
60.945,-152.908,3
33.329,140.597,2
-15.954,-72.808,1
41.705,142.689,2
42.623,17.153,5
41.14,142.421,2
42.707,142.363,2
58.367,-151.749,3
63.986,-150.717,3
-13.984,-75.271,1
36.663,140.991,2
35.111,27.192,5
-24.423,-66.968,1
64.791,-147.548,3
33.471,141.056,2
36.735,141.387,2
33.3,140.227,2
57.62,-137.74,3
57.937,-136.928,3
-3.1,35.539,4
-21.838,-68.216,1
-21.985,-68.339,1
57.696,-137.603,3
35.047,24.576,5
36.483,140.622,2
30.747,-113.327,3
43.097,145.594,2
6.845,-72.926,1
57.83,-137.39,3
33.249,141.043,2
38.307,133.877,2
64.102,-148.182,3
39.479,143.247,2
60.251,-140.801,3
32.57,141.867,2
39.142,141.314,2
63.032,-151.167,3
42.905,144.723,2
39.399,26.217,5
33.128,141.036,2
33.118,140.696,2
36.51,-89.61,3
30.238,-113.253,3
45.547,26.52,5
63.604,-150.971,3
-21.8,-68.191,1
59.616,-148.56,3
54.87,-160.194,3
32.678,138.157,2
39.799,144.672,2
35.2415,-118.574,3
31.6776667,-115.9276667,3
33.0605,-115.5611667,3
35.9673333,-117.7501667,3
31.611,-115.7511667,3
32.855,-117.636,3
36.978,-115.2435,3
34.0153333,-119.019,3
34.174,-116.7485,3
62.57,-143.678,3
60.114,-153.022,3
62.589,-151.275,3
76.503,-105.567,3
-32.609,-70.687,1
37.789,73.074,5
30.46,138.701,2
51.63,178.133,3
38.756,20.236,5
45.573,26.235,5
58.362,-149.462,3
53.093,-168.448,3
33.62,140.697,2
44.389,-110.414,3
39.654,75.02,5
47.8233333,-122.755,3
-16.676,-74.323,1
40.124,141.908,2
52.394,-175.822,3
-23.862,-66.289,1
50.806,-178.699,3
46.186,142.717,2
-17.867,-69.2,1
38.856,133.498,2
-17.414,-69.436,1
51.757,-173.833,3
33.165,141.027,2
57.978,-138.016,3
37.4525,-118.3498333,3
-28.01,-71.284,1
33.126,140.848,2
47.658,145.6,2
-31.665,-67.338,1
34.245,136.874,2
36.516,71.159,5
39.103,-123.162,3
33.418,140.373,2
60.041,-147.292,3
60.014,-153.291,3
37.274,142.162,2
-31.846,-69.283,1
-20.013,-178.144,3
48.2328333,-121.227,3
19.383,-155.283,3
61.16,-146.518,3
36.938,50.698,5
-22.279,-67.276,1
40.262,-124.64,3
40.322,-126.752,3
63.267,-150.713,3
35.999,24.777,5
64.931,-152.654,3
31.6245,-115.7993333,3
36.9221667,-116.088,3
37.4015,-115.8521667,3
37.7818333,-118.6808333,3
32.7578333,-115.9226667,3
37.0088333,-115.2371667,3
36.919,-115.2571667,3
32.3755,-115.1868333,3
32.5646667,-118.0993333,3
31.7136667,-115.9446667,3
47.4808333,-122.7575,3
53.557,153.478,3
61.996,-149.477,3
35.636,21.269,5
33.25,141.227,2
61.263,-150.478,3
62.132,-151.21,3
36.685,-115.259,3
39.384,27.686,5
61.41,-144.184,3
40.319,24.059,5
61.083,-147.682,3
44.14,-110.485,3
63.626,-149.785,3
59.694,-146.291,3
44.424,-110.45,3
52.464,-175.787,3
39.018,23.414,5
39.016,23.437,5
-28.452,-70.119,1
61.28,-143.293,3
59.875,-148.802,3
33.033,131.429,2
58.104,-148.711,3
65.061,-147.26,3
60.085,-147.182,3
31.939,140.116,2
63.277,-150.367,3
36.5121667,-121.8903333,3
58.714,-150.786,3
-24.629,-70.738,1
33.105,140.838,2
41.886,-106.735,3
62.621,-149.253,3
35.712,139.898,2
35.944,71.074,5
33.071,135.858,2
59.289,-142.791,3
39.24,-116.379,3
61.394,-151.48,3
-17.589,-69.848,1
37.197,-121.58,3
62.082,-149.656,3
38.302,20.316,5
32.307,141.772,2
35.781,21.992,5
34.0931667,-116.7633333,3
33.968,-118.9778333,3
35.9641667,-117.734,3
34.3421667,-119.8191667,3
34.2383333,-116.1303333,3
33.9591667,-116.1073333,3
35.8383333,-120.3285,3
31.8066667,-116.0433333,3
34.3716667,-118.2698333,3
34.3376667,-119.3843333,3
37.5318333,-118.901,3
32.0953333,-115.7926667,3
37.0,-121.5,3
34.4031667,-118.4448333,3
60.835,-150.057,3
33.777,-90.625,3
37.811,141.689,2
30.549,138.543,2
-30.098,-71.43,1
60.089,-152.903,3
38.348,21.194,5
37.729,20.96,5
39.195,72.395,5
59.444,-145.76,3
38.492,20.36,5
60.584,-150.561,3
27.257,142.35,2
36.904,135.579,2
41.902,142.488,2
63.11,-150.678,3
65.624,-134.542,3
5.759,-77.545,1
64.731,-147.224,3
-31.356,-69.927,1
37.611,-115.149,3
63.016,-149.8,3
57.866,-137.459,3
-17.932,-69.48,1
47.6351667,-123.5683333,3
58.373,-151.113,3
36.543,140.536,2
34.846,24.868,5
37.413,137.779,2
60.999,-146.959,3
32.265,-115.7795,3
62.051,-147.548,3
64.688,-147.599,3
62.68,-151.563,3
60.664,-152.207,3
37.415,21.316,5
39.338,24.081,5
38.79,-122.788,3
32.322,-115.5843333,3
36.9053333,-115.4126667,3
37.6648333,-115.9531667,3
35.9676667,-117.7535,3
34.0325,-118.9841667,3
31.8826667,-116.1915,3
34.3851667,-116.659,3
34.2986667,-116.2906667,3
32.1263333,-115.7395,3
34.0838333,-118.9748333,3
47.906,-121.9375,3
36.415,70.874,5
44.47,-110.465,3
56.96,-152.378,3
36.567,70.612,5
46.297,-122.2176667,3
60.951,-151.131,3
65.439,-150.04,3
60.436,-152.564,3
61.67,-150.055,3
60.803,-147.003,3
-26.863,-71.123,1
43.9,-74.412,3
32.0861667,-115.8513333,3
37.013,137.059,2
35.91,-90.0,3
56.787,-153.234,3
37.106,21.583,5
35.75,-84.0,3
65.682,-149.818,3
34.4075,-116.8046667,3
32.8031667,-115.4745,3
33.5865,-118.3405,3
34.23,-116.3108333,3
33.9843333,-117.636,3
32.9938333,-115.569,3
33.9851667,-117.6426667,3
31.9046667,-116.1713333,3
33.1516667,-116.4035,3
34.0953333,-118.9871667,3
32.9226667,-115.7326667,3
33.0621667,-115.9475,3
37.044,-116.0641667,3
34.1118333,-117.36,3
35.8715,-121.3455,3
33.4786667,-116.4598333,3
36.9183333,-115.5186667,3
34.3556667,-118.4205,3
34.3106667,-118.5241667,3
36.9001667,-115.6163333,3
32.9711667,-116.2461667,3
33.2441667,-116.0408333,3
48.5826667,-123.0083333,3
46.026,-122.097,3
39.58,23.76,5
33.4253333,-118.408,3
34.683,-121.533,3
64.766,-147.535,3
40.819,20.713,5
64.663,-149.446,3
64.658,-149.451,3
62.075,-149.707,3
40.265,24.104,5
47.5986667,-121.812,3
37.4471667,-115.7725,3
36.303,71.109,5
31.336,49.613,5
36.464,71.01,5
61.607,-147.426,3
36.395,139.449,2
36.553,-121.182,3
60.355,-153.142,3
57.923,-138.146,3
64.551,-147.244,3
33.639,140.955,2
59.886,-149.122,3
63.59,-150.742,3
45.45,14.283,5
47.6095,-122.3255,3
63.554,-151.219,3
34.3738333,-118.496,3
36.241,-121.2515,3
34.2978333,-116.1226667,3
34.279,-116.3343333,3
32.9831667,-115.5668333,3
31.7858333,-116.3198333,3
32.9896667,-115.8418333,3
34.1125,-118.9771667,3
33.8246667,-118.2406667,3
35.9571667,-117.8003333,3
32.9928333,-116.4165,3
34.2595,-116.7836667,3
35.9718333,-117.7863333,3
31.6451667,-115.881,3
34.2865,-116.2946667,3
33.9813333,-117.1235,3
32.6593333,-116.6446667,3
33.8925,-118.3698333,3
33.2426667,-116.0841667,3
33.0473333,-115.5601667,3
35.9418333,-120.568,3
37.7963333,-118.6651667,3
37.6901667,-118.8868333,3
31.8786667,-117.1413333,3
47.77,-122.456,3
35.9428333,-117.809,3
33.4866667,-116.5396667,3
37.44,-87.3,3
37.93,-90.52,3
62.929,-151.186,3
36.43,-110.425,3
33.0325,-116.2378333,3
60.8,-150.739,3
37.151,21.543,5
64.767,-147.526,3
57.067,-140.015,3
30.035,-105.89,3
61.345,-147.636,3
60.915,-146.829,3
32.889,-116.2595,3
60.906,-147.186,3
31.715,-115.8171667,3
41.542,19.033,5
36.855,-115.5438333,3
33.524,-118.3738333,3
32.4643333,-115.2256667,3
31.9595,-117.1766667,3
34.4351667,-118.363,3
37.0138333,-115.9441667,3
33.0473333,-115.5486667,3
32.509,-118.1955,3
31.9263333,-116.7668333,3
34.3751667,-118.3425,3
33.9791667,-116.4023333,3
33.8205,-117.7231667,3
33.4761667,-116.497,3
31.718,-116.0433333,3
33.9951667,-118.9313333,3
32.4321667,-115.1545,3
32.9785,-116.2666667,3
33.8565,-116.8346667,3
36.0196667,-120.4641667,3
37.5761667,-118.1186667,3
36.4808333,-119.9713333,3
32.9761667,-115.5673333,3
35.014,-116.9821667,3
66.243,-142.115,3
61.46,-150.785,3
38.739,21.014,5
63.589,-150.922,3
48.7013333,-123.1288333,3
59.459,-145.064,3
34.4131667,-118.389,3
61.572,-150.298,3
60.055,-150.978,3
37.007,71.81,5
64.707,-149.428,3
36.863,-121.65,3
33.3023333,-116.312,3
34.303,-119.3486667,3
34.465,-106.952,3
36.9143333,-119.6616667,3
32.2295,-115.7783333,3
36.199,30.873,5
32.6556667,-115.9513333,3
34.3845,-118.3741667,3
32.9471667,-115.5506667,3
35.9055,-118.4148333,3
33.244,-116.2661667,3
34.1853333,-117.3826667,3
36.861,-115.6026667,3
35.8195,-118.3726667,3
33.751,-117.5083333,3
33.2456667,-116.2436667,3
33.9421667,-118.686,3
33.246,-116.7858333,3
34.4686667,-116.4801667,3
32.6363333,-117.0728333,3
35.9593333,-120.109,3
33.2551667,-116.2956667,3
35.7721667,-117.3276667,3
34.7141667,-118.7361667,3
33.9836667,-116.3808333,3
37.5095,-118.196,3
34.2815,-118.2815,3
33.0026667,-115.5683333,3
36.5676667,-117.9948333,3
35.8298333,-117.2795,3
33.2801667,-116.2735,3
34.0876667,-118.3003333,3
31.3745,-116.8683333,3
34.4181667,-118.3611667,3
32.8616667,-115.9931667,3
35.141,-117.4311667,3
32.7908333,-115.4438333,3
32.9075,-116.2531667,3
32.5188333,-115.452,3
31.7455,-116.0226667,3
33.8578333,-119.0673333,3
35.6268333,-117.2313333,3
32.8705,-117.6165,3
32.5043333,-115.2441667,3
31.7055,-115.8705,3
35.2883333,-118.5093333,3
61.032,-146.733,3
47.661,-123.7485,3
47.4873333,-122.55,3
62.339,-150.723,3
57.887,-151.945,3
64.83,-147.811,3
60.645,-150.816,3
33.5115,-118.5578333,3
61.075,-148.441,3
34.052,-118.39,3
46.2945,-122.2041667,3
62.458,-152.009,3
61.713,-149.855,3
39.156,23.894,5
39.231,23.378,5
36.2895,-118.0878333,3
47.6251667,-123.2205,3
65.455,-150.17,3
64.852,-147.829,3
33.2153333,-116.0476667,3
60.871,-151.018,3
31.8395,-116.2221667,3
32.0453333,-115.3615,3
61.301,-147.192,3
64.549,-148.071,3
33.0088333,-115.5571667,3
62.241,-151.452,3
33.483,-116.383,3
47.6026667,-122.3245,3
61.384,-150.759,3
62.029,-149.046,3
39.533,-119.95,3
32.9953333,-116.2468333,3
32.2243333,-115.7348333,3
33.1593333,-116.4165,3
33.0021667,-116.4561667,3
33.6293333,-117.3475,3
34.8158333,-116.3595,3
34.0031667,-119.0003333,3
34.1353333,-119.3733333,3
36.0278333,-117.7751667,3
34.0405,-116.7508333,3
32.2783333,-118.0635,3
35.73,-116.5291667,3
35.2856667,-119.1663333,3
35.9968333,-118.014,3
33.503,-116.5198333,3
34.4545,-116.2646667,3
32.5603333,-118.135,3
37.35,-118.1458333,3
31.9348333,-115.8638333,3
31.9128333,-115.9798333,3
34.3915,-118.4278333,3
32.9861667,-115.556,3
33.4621667,-116.4011667,3
31.761,-115.9396667,3
33.0181667,-117.8758333,3
36.7555,-119.9771667,3
32.4765,-115.2803333,3
34.1033333,-116.2063333,3
33.3708333,-116.2755,3
32.0868333,-115.8615,3
32.7353333,-116.4311667,3
32.8846667,-117.666,3
32.9905,-115.5565,3
35.1995,-116.9265,3
34.367,-116.482,3
33.9281667,-116.2726667,3
33.4038333,-116.9248333,3
33.0321667,-115.5706667,3
35.3216667,-118.584,3
32.297,-115.5791667,3
32.3178333,-115.5835,3
34.6231667,-117.1508333,3
46.8275,-121.822,3
47.47,-122.8435,3
34.4905,-120.6441667,3
33.7035,-116.7605,3
47.605,-122.3318333,3
32.8108333,-115.448,3
33.1123333,-118.949,3
35.4618333,-118.6756667,3
34.9428333,-116.6698333,3
34.3975,-116.838,3
32.7093333,-116.4868333,3
36.0848333,-119.9536667,3
31.926,-116.1948333,3
33.3198333,-116.362,3
34.3685,-118.4388333,3
33.766,-116.0891667,3
32.5551667,-117.9388333,3
33.0425,-115.5473333,3
34.2826667,-118.309,3
34.4448333,-118.4293333,3
35.3921667,-118.4521667,3
33.9348333,-116.2806667,3
34.7955,-116.3955,3
31.641,-116.9748333,3
34.2923333,-116.331,3
34.008,-116.7556667,3
34.0023333,-116.8316667,3
31.8721667,-116.0263333,3
33.9376667,-116.2875,3
33.925,-115.5433333,3
35.2738333,-118.5868333,3
34.0718333,-116.7945,3
32.9551667,-115.8803333,3
34.3048333,-116.3313333,3
33.6946667,-116.7983333,3
33.7706667,-115.872,3
34.0765,-116.7856667,3
35.3338333,-118.7161667,3
32.435,-116.7878333,3
34.7681667,-116.3523333,3
34.2423333,-119.532,3
32.3998333,-115.243,3
34.3866667,-118.4663333,3
34.4085,-116.508,3
37.499,-118.0406667,3
35.1291667,-118.6851667,3
32.9868333,-115.5458333,3
32.8806667,-116.2766667,3
33.9458333,-117.7858333,3
32.527,-115.2061667,3
33.9388333,-118.985,3
33.2633333,-116.0015,3
33.0376667,-115.5408333,3
34.6246667,-117.1123333,3
33.8536667,-118.129,3
37.041,-117.9473333,3
33.6135,-118.3268333,3
46.7255,-121.9135,3
47.6113333,-123.1465,3
48.449,-123.2405,3
46.6795,-121.8648333,3
33.9421667,-119.0518333,3
46.8755,-120.797,3
35.0373333,-118.5325,3
47.0955,-121.8753333,3
35.3373333,-118.7333333,3
48.0595,-122.002,3
33.2375,-116.1046667,3
47.5903333,-122.5945,3
34.0,-120.5,3
48.5816667,-123.2585,3
47.12,-106.133,3
47.615,-122.3333333,3
47.962,-122.5511667,3
47.6131667,-122.3406667,3
47.6196667,-122.2651667,3
47.6115,-122.3153333,3
37.7366667,-118.6906667,3
33.1285,-116.5165,3
35.3695,-118.5681667,3
35.7621667,-118.3461667,3
35.6283333,-118.3495,3
34.0031667,-116.7891667,3
33.4778333,-116.4591667,3
34.9358333,-116.7911667,3
31.7171667,-115.8913333,3
35.088,-119.0035,3
33.2498333,-116.2486667,3
33.082,-115.6025,3
32.5688333,-115.2413333,3
31.8975,-116.2861667,3
37.5,-119.08,3
33.9868333,-117.6366667,3
34.208,-116.8848333,3
34.2701667,-116.3266667,3
35.0358333,-118.789,3
33.3041667,-116.3051667,3
35.7575,-118.0398333,3
34.0623333,-118.9916667,3
33.3996667,-116.3548333,3
35.4291667,-117.827,3
35.7281667,-117.5453333,3
31.7573333,-115.9483333,3
34.3953333,-116.8456667,3
33.9893333,-117.6658333,3
34.096,-117.4681667,3
34.9805,-118.8395,3
35.047,-119.1523333,3
35.8535,-120.2676667,3
34.3646667,-116.5496667,3
34.9143333,-116.9055,3
32.5863333,-115.8968333,3
34.3166667,-116.2885,3
32.4595,-115.7753333,3
32.7228333,-116.4885,3
33.4945,-116.4833333,3
32.57,-115.2395,3
34.2245,-118.959,3
34.2756667,-116.3385,3
34.0135,-117.2425,3
34.0056667,-116.6671667,3
33.0363333,-115.5833333,3
33.138,-115.6331667,3
35.6926667,-118.0703333,3
33.712,-116.781,3
34.4731667,-116.488,3
34.5473333,-116.8333333,3
33.3696667,-116.2896667,3
34.552,-118.7965,3
32.5771667,-115.4958333,3
34.0883333,-117.4961667,3
34.3328333,-119.8283333,3
33.6781667,-116.7265,3
34.4256667,-118.5806667,3
34.7513333,-116.395,3
48.8061667,-122.133,3
47.4938333,-122.5303333,3
46.4698333,-122.5246667,3
46.5168333,-122.346,3
34.0373333,-119.0088333,3
48.1726667,-123.0883333,3
46.6715,-122.1156667,3
32.4125,-115.2718333,3
34.4343333,-116.2585,3
35.3693333,-118.603,3
32.1686667,-115.8591667,3
47.4235,-121.7498333,3
47.8898333,-121.888,3
31.93,-116.4078333,3
32.3658333,-115.5756667,3
46.4476667,-122.2495,3
47.5868333,-122.5931667,3
48.5945,-123.0845,3
34.2501667,-118.5298333,3
32.8456667,-115.6178333,3
31.8908333,-116.8551667,3
34.3793333,-116.8228333,3
34.1026667,-117.4598333,3
33.4888333,-116.5635,3
36.1861667,-118.0486667,3
34.0145,-116.4498333,3
32.678,-116.5118333,3
33.1251667,-115.6193333,3
32.6465,-116.5781667,3
34.0468333,-119.0136667,3
32.8625,-117.6635,3
34.0336667,-119.0275,3
34.5983333,-117.125,3
32.7783333,-116.5136667,3
31.63,-115.824,3
33.8231667,-115.8243333,3
33.7895,-115.9431667,3
35.1935,-117.3421667,3
36.1338333,-118.0725,3
35.9173333,-117.7196667,3
35.9063333,-117.7438333,3
33.9085,-116.3286667,3
34.4,-116.8493333,3
34.258,-119.5293333,3
33.4613333,-116.4593333,3
33.5991667,-118.4056667,3
33.267,-116.2443333,3
33.4483333,-119.17,3
34.4156667,-119.2093333,3
35.6376667,-117.4128333,3
36.0275,-117.397,3
34.0635,-116.541,3
33.3853333,-116.9675,3
33.2521667,-116.8015,3
33.9673333,-117.0176667,3
36.4726667,-118.117,3
35.8596667,-117.002,3
34.0068333,-116.8448333,3
33.6973333,-116.8163333,3
33.4738333,-116.4548333,3
33.4378333,-116.4415,3
32.8148333,-116.2226667,3
33.8748333,-118.6596667,3
37.1528333,-118.183,3
32.9213333,-115.5463333,3
32.1351667,-115.8651667,3
34.3876667,-118.4598333,3
34.3168333,-116.3378333,3
33.2605,-116.2895,3
32.1413333,-115.7931667,3
33.6928333,-116.7663333,3
33.944,-116.2983333,3
33.9226667,-116.2633333,3
33.5413333,-117.0891667,3
33.236,-116.24,3
33.9911667,-117.0961667,3
33.814,-116.9913333,3
35.0623333,-117.7103333,3
35.0395,-117.6768333,3
33.7296667,-117.4935,3
32.9711667,-115.5793333,3
32.7041667,-117.2825,3
35.7801667,-117.7488333,3
48.8146667,-122.1236667,3
46.4188333,-119.0305,3
46.8916667,-120.714,3
46.943,-123.4763333,3
65.392,-148.239,3
47.0776667,-122.613,3
46.8821667,-121.9258333,3
47.4073333,-122.7781667,3
32.5413333,-115.2661667,3
47.8608333,-122.5796667,3
63.333,-150.31,3
33.0353333,-115.5423333,3
34.171,-116.872,3
47.8176667,-121.8081667,3
33.1055,-115.619,3
46.8296667,-119.7488333,3
34.4386667,-118.4301667,3
47.6081667,-122.3238333,3
47.6123333,-122.3285,3
33.6443333,-116.7438333,3
35.8513333,-118.551,3
34.3158333,-117.696,3
33.9961667,-116.7648333,3
32.985,-115.558,3
34.7686667,-116.4168333,3
32.7183333,-116.4678333,3
34.1606667,-117.0073333,3
35.991,-117.841,3
33.512,-118.3735,3
33.506,-116.771,3
36.472,-118.2053333,3
32.72,-116.4958333,3
33.659,-116.7498333,3
33.7185,-116.7468333,3
34.0186667,-119.1313333,3
33.1053333,-115.6383333,3
32.9033333,-115.8035,3
33.9571667,-116.2963333,3
34.3205,-118.5115,3
33.995,-118.9821667,3
34.3688333,-118.6253333,3
34.2888333,-116.3413333,3
37.142,-118.1871667,3
34.2608333,-116.3188333,3
34.6173333,-117.1141667,3
34.0268333,-116.781,3
33.74,-117.531,3
33.9398333,-117.7798333,3
34.0178333,-119.0518333,3
34.038,-118.9973333,3
34.088,-118.9586667,3
34.3115,-116.9788333,3
33.7495,-116.4495,3
34.3851667,-119.6661667,3
32.6941667,-116.5185,3
34.4576667,-119.1975,3
34.295,-119.7518333,3
35.9653333,-117.8101667,3
34.3818333,-120.149,3
33.1696667,-115.6686667,3
33.3376667,-116.3985,3
33.9476667,-116.2901667,3
33.82,-118.6596667,3
34.4313333,-117.033,3
34.264,-119.1728333,3
32.494,-115.1926667,3
33.9748333,-116.6678333,3
36.0081667,-117.8226667,3
36.1806667,-117.5995,3
32.9401667,-115.5326667,3
34.0391667,-117.2836667,3
35.9168333,-118.0351667,3
33.5313333,-118.3581667,3
33.9211667,-116.321,3
35.0401667,-118.5916667,3
33.79,-116.1291667,3
33.6183333,-116.6595,3
32.8408333,-115.4701667,3
32.8955,-116.2615,3
33.3405,-115.7356667,3
34.0186667,-117.225,3
33.4761667,-116.4028333,3
46.5918333,-121.792,3
46.4188333,-119.0306667,3
46.307,-124.0973333,3
37.35,-113.789,3
48.7481667,-122.7556667,3
48.8008333,-122.3688333,3
46.2501667,-122.4286667,3
48.325,-122.0821667,3
33.6491667,-117.9718333,3
34.286,-116.3291667,3
32.5926667,-115.8856667,3
38.467,-90.2,3
46.4625,-121.7123333,3
33.0446667,-115.5603333,3
58.524,-138.572,3
46.7973333,-117.5601667,3
48.2183333,-121.65,3
36.163,-118.0291667,3
32.9981667,-115.5346667,3
33.1215,-115.6013333,3
47.1301667,-123.8386667,3
35.7746667,-117.6666667,3
38.107,-113.1,3
46.8288333,-119.7478333,3
47.6201667,-122.2611667,3
47.611,-122.3341667,3
