-12.091,166.552,2
-25.494,-70.55,1
40.751,30.8,5
-21.182,-179.186,3
-12.326,166.491,2
11.925,-85.872,1
48.168,103.036,2
2.849,-74.798,1
52.812,-34.14,5
-9.163,-71.274,1
-10.656,-79.674,1
-49.736,164.009,2
-13.954,167.045,2
52.45,-169.603,3
13.555,96.463,2
6.747,-73.032,1
-5.631,153.959,2
24.401,122.218,2
45.527,151.188,3
-5.972,112.225,2
5.121,96.286,2
-0.897,101.313,2
-24.719,-177.33,3
-27.623,-63.23,1
43.523,144.316,2
41.386,20.532,5
-7.039,148.256,2
38.244,142.152,2
39.1,24.684,5
10.559,-67.33,1
3.697,95.669,2
-60.761,-24.301,0
-15.237,-173.608,3
-0.922,-21.081,0
-23.878,-175.078,3
54.358,-158.087,3
-31.278,-179.422,3
14.432,52.099,4
80.161,-0.794,5
48.105,103.064,2
-16.438,168.214,2
7.557,134.69,2
31.633,100.262,2
-17.279,-171.847,3
-22.642,171.04,2
-3.424,145.703,2
-4.928,144.05,2
-26.123,-63.152,1
-19.98,169.834,2
-49.917,-114.881,1
-8.965,113.017,2
35.388,135.43,2
-4.41,152.439,2
-54.55,-136.196,0
-57.799,-23.802,0
-28.865,-71.369,1
-10.515,161.406,2
-27.335,-63.204,1
-3.575,150.909,2
-6.727,129.744,2
-11.114,115.227,2
-5.401,126.688,2
39.528,21.267,5
-15.406,-173.343,3
-25.076,-70.394,1
-0.869,132.73,2
39.568,40.445,5
12.173,140.765,2
-20.729,169.932,2
44.626,149.487,3
-30.086,-71.446,1
-6.52,153.465,2
10.878,-85.964,1
-7.163,123.752,2
-11.093,165.668,2
33.989,45.738,5
-57.94,-25.663,0
38.474,116.608,2
45.718,151.83,3
45.617,151.703,3
-7.222,155.833,2
-63.66,-167.459,0
-20.304,-68.821,1
52.539,-166.912,3
8.823,93.637,2
52.557,-168.19,3
5.479,-82.732,1
-33.451,-178.828,3
12.27,140.953,2
43.065,145.297,2
-2.704,-77.631,1
-12.347,166.221,2
-48.873,112.803,2
-11.248,165.623,2
19.973,-109.129,3
36.715,71.625,5
26.184,128.611,2
32.608,141.649,2
-0.214,-78.595,1
-3.989,135.677,2
47.649,154.23,3
-58.375,-26.956,0
10.295,125.881,2
45.444,151.353,3
-7.131,129.828,2
79.765,2.851,5
37.317,141.846,2
44.475,151.655,3
-11.2,165.416,2
48.04,103.013,2
41.878,143.482,2
52.565,-168.501,3
-11.903,166.494,2
-0.072,124.213,2
-0.077,123.947,2
-0.114,123.969,2
-10.617,166.198,2
-10.622,166.333,2
-10.821,166.388,2
19.263,-95.801,3
45.201,151.551,3
-6.024,151.499,2
20.036,147.311,2
-55.604,-28.129,0
36.034,77.714,2
52.638,-167.155,3
-6.484,130.544,2
2.626,124.226,2
-33.463,-70.532,1
59.335,-147.157,3
-5.623,154.057,2
-6.157,71.342,4
-5.46,147.112,2
-22.687,170.92,2
-12.376,166.473,2
48.477,103.021,2
52.242,-169.468,3
-13.303,171.408,2
-19.516,169.216,2
45.672,151.301,3
45.661,151.789,3
20.07,147.252,2
18.309,-100.125,3
-1.808,138.694,2
-10.425,161.494,2
-56.191,-27.608,0
51.851,176.105,3
12.115,143.729,2
53.567,-165.718,3
-44.881,35.508,4
-5.859,130.325,2
12.488,141.655,2
-25.265,-69.044,1
-14.94,166.902,2
31.587,100.255,2
35.607,140.738,2
27.338,91.91,2
-5.985,146.6,2
52.13,152.592,3
51.094,178.524,3
36.44,141.272,2
3.251,128.174,2
14.351,-91.963,1
21.487,94.322,2
29.535,80.823,2
11.854,142.866,2
-0.149,120.033,2
41.5,142.2,2
56.521,-157.326,3
21.398,121.823,2
-18.558,-175.286,3
-40.17,-74.722,1
28.463,94.248,2
-6.075,146.354,2
45.438,151.511,3
-9.182,148.623,2
19.992,147.227,2
-7.359,155.753,2
-5.605,129.639,2
13.558,146.268,2
51.42,-178.261,3
5.161,127.412,2
-59.076,-65.47,0
-41.394,-73.809,1
-15.052,-73.315,1
-2.336,-77.519,1
64.65,-147.798,3
12.531,141.665,2
-47.085,165.844,2
43.136,142.67,2
8.571,125.941,2
4.894,126.855,2
40.764,30.609,5
-13.02,-76.731,1
-14.89,166.756,2
43.094,-0.731,5
31.079,93.639,2
0.873,98.876,2
-12.481,166.652,2
-60.898,-23.378,0
-5.615,147.201,2
14.596,93.48,2
-49.588,163.812,2
28.984,129.95,2
-9.445,148.843,2
1.715,127.493,2
17.241,121.886,2
-33.799,-179.34,2
24.416,122.275,2
-4.624,135.649,2
28.381,-43.765,1
72.763,8.011,5
28.583,130.138,2
-8.046,112.981,2
37.3021667,-116.4083333,3
37.126,141.202,2
-32.838,-111.783,1
-10.187,28.424,4
-11.112,165.536,2
20.318,120.114,2
-1.461,126.477,2
52.288,-169.353,3
26.107,96.115,2
2.619,-84.363,1
-5.542,110.478,2
-5.873,153.267,2
19.581,38.874,5
5.349,96.483,2
39.365,73.787,5
-6.794,154.934,2
58.207,-151.453,3
47.449,154.503,3
-19.142,167.74,2
-9.543,157.752,2
45.342,150.317,3
27.693,127.685,2
43.565,147.578,2
12.273,140.896,2
52.741,172.489,3
51.721,-176.222,3
49.107,156.309,3
30.449,142.687,2
-21.025,-179.146,3
-17.727,-178.856,3
43.502,144.261,2
-15.043,-172.636,3
16.853,-85.789,1
-5.233,133.932,2
-31.128,-71.396,1
32.165,130.844,2
10.881,-62.33,1
56.564,120.947,2
33.617,75.333,2
-7.249,128.596,2
37.1156667,-116.0576667,3
31.3008333,-115.8255,3
19.331,-63.664,1
37.1303333,-116.0638333,3
37.1268333,-116.0663333,3
37.2751667,-116.37,3
37.2478333,-116.4801667,3
33.5518333,-116.6315,3
37.0988333,-116.0531667,3
37.1531667,-116.0528333,3
31.6346667,-116.3545,3
37.0998333,-116.0038333,3
37.1436667,-116.1351667,3
30.6531667,-114.288,3
37.1486667,-116.0485,3
37.1775,-116.2088333,3
37.0918333,-116.0358333,3
31.7436667,-116.1633333,3
32.9905,-116.2753333,3
37.2021667,-116.2078333,3
37.4643333,-118.2813333,3
36.49,-117.6355,3
37.0778333,-115.9953333,3
37.0285,-116.0226667,3
31.9701667,-115.6208333,3
36.8771667,-115.9378333,3
33.515,-116.5816667,3
35.7746667,-120.3281667,3
37.0121667,-116.0365,3
31.2025,-115.432,3
33.9915,-117.9906667,3
32.95,-115.904,3
37.1675,-116.0471667,3
32.1001667,-116.0616667,3
37.0336667,-115.9645,3
31.5045,-115.473,3
36.347,-121.233,3
34.5235,-119.9648333,3
37.0316667,-116.0263333,3
33.606,-118.3383333,3
37.0543333,-116.0221667,3
36.4188333,-120.5158333,3
36.951,-116.0778333,3
33.5511667,-118.327,3
37.1658333,-116.0486667,3
37.1388333,-116.0631667,3
31.9243333,-114.7711667,3
32.348,-115.1626667,3
37.4461667,-118.5078333,3
32.0715,-115.6106667,3
37.6213333,-118.4983333,3
32.504,-115.0698333,3
37.1255,-116.0286667,3
37.0961667,-116.1083333,3
37.4375,-116.1275,3
31.6923333,-115.9961667,3
37.1566667,-116.0473333,3
35.7426667,-120.0931667,3
37.3515,-118.6131667,3
31.3855,-115.5366667,3
32.6163333,-115.2073333,3
32.0983333,-116.1618333,3
37.4238333,-118.5053333,3
33.2723333,-117.9318333,3
37.0175,-116.0158333,3
33.5786667,-118.3403333,3
33.339,-118.487,3
37.1845,-115.9843333,3
36.4805,-120.5523333,3
32.0553333,-116.0918333,3
32.2383333,-115.7781667,3
31.0311667,-115.6025,3
37.166,-116.0383333,3
37.3961667,-118.4308333,3
31.8168333,-114.989,3
34.2176667,-116.7616667,3
34.4885,-117.9583333,3
34.1005,-117.3533333,3
35.9026667,-120.441,3
33.1875,-116.0446667,3
37.0318333,-115.951,3
37.0193333,-116.0373333,3
31.975,-115.05,3
34.1553333,-117.4371667,3
36.0666667,-120.0438333,3
33.6568333,-118.3603333,3
32.0365,-115.0611667,3
33.8553333,-117.6516667,3
32.5621667,-115.9936667,3
31.8306667,-115.976,3
32.0356667,-115.6418333,3
32.158,-115.6926667,3
37.0,-116.0,3
31.9418333,-114.8593333,3
32.1786667,-115.7515,3
33.9963333,-118.5726667,3
33.5823333,-118.335,3
35.4136667,-119.3226667,3
33.1155,-116.3783333,3
37.2585,-116.259,3
31.9606667,-116.0986667,3
31.8936667,-116.253,3
37.5995,-118.0523333,3
36.456,-120.8321667,3
34.2163333,-116.7566667,3
37.3948333,-118.514,3
34.1368333,-117.4563333,3
36.2398333,-118.7008333,3
35.3493333,-118.8945,3
35.3458333,-118.8698333,3
33.2046667,-115.9216667,3
32.9821667,-115.4393333,3
36.5108333,-117.8818333,3
32.1003333,-115.6991667,3
35.932,-120.5331667,3
32.1141667,-115.1681667,3
32.7106667,-115.3686667,3
32.9483333,-115.4328333,3
33.5998333,-118.3368333,3
31.95,-114.6566667,3
35.86,-120.332,3
33.1585,-116.1413333,3
35.9865,-119.9621667,3
35.985,-119.9463333,3
33.1551667,-116.336,3
37.4598333,-115.9073333,3
37.303,-116.1556667,3
36.2826667,-118.3211667,3
32.388,-114.9888333,3
33.63,-118.3766667,3
33.4765,-116.581,3
33.518,-116.5763333,3
35.8698333,-120.479,3
35.4111667,-117.8178333,3
33.393,-116.4363333,3
33.542,-118.3173333,3
34.9643333,-119.1296667,3
32.8963333,-115.4858333,3
33.9028333,-116.6088333,3
35.2205,-118.669,3
35.5321667,-120.7738333,3
37.4621667,-116.0955,3
34.1015,-117.958,3
34.8691667,-120.4408333,3
32.7405,-115.431,3
36.5058333,-117.6196667,3
33.8211667,-117.7458333,3
35.8355,-116.7733333,3
33.1665,-116.3686667,3
35.618,-117.5053333,3
37.0,-116.0,3
33.2678333,-117.9243333,3
34.1703333,-116.2071667,3
35.3595,-118.5656667,3
35.518,-118.4106667,3
33.9458333,-118.4641667,3
33.2888333,-116.2333333,3
33.8798333,-117.6488333,3
33.3296667,-115.7428333,3
34.1483333,-117.4403333,3
32.9688333,-116.4196667,3
33.4915,-116.4586667,3
32.5635,-118.6285,3
33.9133333,-116.1098333,3
38.2551667,-118.744,3
34.967,-118.976,3
34.2796667,-116.341,3
35.3215,-118.5895,3
34.6748333,-118.6251667,3
35.346,-118.705,3
35.9116667,-120.3935,3
37.3618333,-116.2916667,3
35.3511667,-118.5653333,3
36.4706667,-117.628,3
37.238,-116.2898333,3
35.0853333,-119.0485,3
34.3233333,-116.8631667,3
33.4486667,-117.7153333,3
34.7745,-116.3583333,3
34.2161667,-117.0503333,3
32.9611667,-115.4528333,3
33.0213333,-116.3298333,3
32.822,-118.2225,3
33.9548333,-118.1955,3
36.0518333,-117.8533333,3
34.3616667,-118.686,3
33.5513333,-118.3266667,3
32.8158333,-118.2175,3
32.3298333,-114.9771667,3
33.5896667,-118.3635,3
33.1641667,-115.6501667,3
34.4133333,-119.3523333,3
34.0451667,-118.4835,3
36.3785,-117.5,3
34.4616667,-116.7258333,3
38.0711667,-118.3575,3
33.9303333,-118.8718333,3
33.1608333,-115.7093333,3
32.9051667,-115.4856667,3
34.3548333,-116.89,3
32.3455,-115.1351667,3
35.302,-118.5205,3
34.6645,-118.7446667,3
33.6048333,-118.3328333,3
32.0051667,-114.8865,3
32.9866667,-115.6595,3
34.2258333,-117.06,3
37.2173333,-117.804,3
33.455,-116.5956667,3
36.0,-117.305,3
34.377,-118.677,3
33.5345,-116.5766667,3
33.4848333,-116.6073333,3
34.669,-118.6948333,3
34.1341667,-116.1881667,3
35.5438333,-118.4106667,3
35.55,-118.373,3
34.1178333,-117.469,3
34.4946667,-119.0291667,3
34.6498333,-118.6945,3
35.4886667,-118.3361667,3
35.3411667,-118.558,3
34.6318333,-118.7395,3
35.115,-118.9308333,3
34.1588333,-117.3531667,3
33.5491667,-118.3205,3
37.181,-118.462,3
34.8651667,-116.8536667,3
33.2631667,-117.9395,3
34.3051667,-116.4465,3
34.1278333,-117.7076667,3
34.6546667,-118.6821667,3
32.7928333,-117.0625,3
34.6335,-118.8063333,3
34.6178333,-118.6481667,3
37.2018333,-117.5633333,3
37.1773333,-117.5381667,3
34.6128333,-118.7535,3
34.3663333,-119.542,3
35.3756667,-118.5088333,3
34.3353333,-117.0051667,3
34.2166667,-117.9878333,3
32.7213333,-115.434,3
34.9316667,-119.3591667,3
35.3905,-118.5695,3
34.4928333,-118.9463333,3
33.4976667,-116.611,3
33.5675,-118.3178333,3
34.521,-119.0935,3
34.6631667,-118.7775,3
35.2105,-118.601,3
33.6063333,-116.9076667,3
34.0918333,-117.7143333,3
37.3063333,-116.2975,3
34.2255,-117.0468333,3
34.554,-118.9825,3
36.4381667,-117.6863333,3
35.0261667,-119.088,3
33.4968333,-116.594,3
35.3785,-118.575,3
33.649,-118.339,3
34.8051667,-116.3861667,3
33.9633333,-117.7323333,3
34.651,-118.8171667,3
37.0978333,-117.7981667,3
33.0783333,-117.8713333,3
33.937,-117.7873333,3
34.1851667,-116.7641667,3
34.4195,-118.5871667,3
33.3305,-115.7511667,3
33.9,-117.6875,3
34.6528333,-118.761,3
34.755,-118.6093333,3
33.5616667,-118.3145,3
34.4466667,-119.106,3
35.2291667,-118.6555,3
34.861,-119.1886667,3
33.0131667,-115.7626667,3
35.2028333,-118.2258333,3
34.0108333,-118.6323333,3
33.1806667,-117.1671667,3
35.7431667,-118.4796667,3
34.9996667,-118.9735,3
34.5483333,-119.0145,3
34.614,-118.8193333,3
34.6038333,-118.8408333,3
34.1225,-117.4403333,3
33.4248333,-116.4428333,3
33.5931667,-118.3621667,3
34.6363333,-117.1003333,3
34.345,-116.8906667,3
34.6346667,-117.0816667,3
34.2851667,-116.3943333,3
33.9933333,-118.4281667,3
31.8155,-117.0805,3
32.9843333,-115.928,3
33.2505,-115.7261667,3
33.5481667,-118.3756667,3
33.5331667,-118.2955,3
33.5403333,-118.2453333,3
34.4846667,-116.5195,3
37.5991667,-116.2468333,3
35.7125,-118.4531667,3
33.8491667,-117.495,3
36.0106667,-117.7818333,3
33.486,-116.6086667,3
33.5561667,-118.3371667,3
34.6628333,-118.7831667,3
34.3366667,-118.532,3
34.122,-117.0416667,3
33.9363333,-118.5956667,3
32.5986667,-115.2633333,3
34.023,-117.2305,3
34.0123333,-118.3225,3
33.8558333,-118.648,3
