-23.977,-67.912
-18.373,167.654
-19.705,-175.874
23.092,121.214
31.056,91.261
23.487,121.4
23.046,121.249
23.917,121.343
16.739,-98.482
61.214,136.593
28.359,139.405
41.289,32.96
23.775,121.393
47.297,154.05
55.802,-156.28
0.622,-26.945
14.173,-47.219
-50.652,149.28
-8.931,124.027
29.796,131.304
23.769,121.282
7.329,-80.993
-55.879,-135.634
24.188,121.741
23.867,121.424
24.014,121.555
65.361,136.461
-8.292,154.171
9.967,122.386
-29.633,-177.01
23.728,121.062
23.889,121.571
23.904,121.326
24.067,121.664
24.022,121.478
-57.894,157.15
-0.363,98.223
46.705,154.226
-24.859,-116.485
28.28,93.861
71.218,-8.889
41.325,142.011
22.817,121.397
-14.305,-75.472
-3.688,128.277
-4.842,133.983
-40.051,176.655
-9.957,119.031
-41.845,80.089
-3.061,139.736
-28.375,-176.008
19.278,-155.923
-5.292,151.965
-61.11,-22.11
23.733,121.508
23.512,121.635
23.892,121.548
23.946,121.623
11.789,125.629
47.276,154.268
52.486,160.23
52.272,160.406
-17.838,167.602
-17.944,167.62
-38.589,-73.519
-21.314,-114.055
30.843,97.363
-15.398,-173.111
18.743,121.058
37.068,143.122
-49.907,-114.87
-3.483,140.595
-29.028,-176.753
23.25,122.223
23.396,121.357
-57.988,-9.889
53.991,-161.134
52.629,160.257
52.039,160.098
-4.805,152.046
28.767,95.686
32.735,87.974
35.304,140.329
51.439,-177.551
-17.155,41.576
-59.669,-23.048
-1.846,81.278
24.841,122.551
-3.252,142.238
41.472,142.216
55.64,160.765
-5.939,149.294
39.089,71.592
-37.355,178.076
-20.201,33.675
-34.152,-72.101
-2.88,126.587
6.878,116.727
23.912,121.632
18.544,147.002
-3.665,149.951
-21.232,-175.122
40.66,142.924
-4.908,129.505
13.044,-87.427
-6.384,152.819
0.406,125.783
-35.345,-111.433
-16.068,-173.523
45.482,150.892
-17.382,-172.444
48.855,156.63
-29.526,-176.95
-30.387,-176.371
32.863,134.404
23.964,122.081
24.138,121.624
52.553,160.322
52.455,160.309
52.207,160.288
52.245,160.105
30.908,91.498
52.172,160.17
-17.085,-171.985
29.77,131.2
8.23,91.712
17.106,-106.193
-23.115,-175.864
-24.539,-175.599
-0.728,97.96
27.99,94.668
-21.82,33.649
13.238,-89.948
28.842,94.575
-21.462,-69.86
2.081,126.28
28.925,86.685
5.834,124.959
15.99,-96.605
-29.495,-178.691
49.311,-128.857
40.238,-124.713
24.269,122.005
24.243,121.635
-0.155,98.159
47.062,154.261
14.066,146.3
-29.534,-178.006
30.409,91.135
32.622,-115.1191667
23.854,91.844
47.582,109.988
17.834,-105.977
7.331,-80.835
1.255,126.04
32.373,33.454
13.404,-90.818
30.06,69.985
-4.127,123.012
46.926,154.108
51.129,-177.924
-35.38,-111.529
-0.014,124.859
-29.915,-177.848
54.87,-163.835
-7.616,106.823
24.285,121.849
23.768,121.587
-3.865,35.686
23.782,121.812
15.861,-98.719
80.602,122.594
16.15,-99.101
-15.701,-74.168
30.634,97.487
25.949,90.575
36.516,35.869
25.48,129.181
11.66,45.545
28.619,96.529
13.06,-87.832
12.942,-87.317
8.723,-39.992
27.601,57.153
-29.585,-176.952
-32.578,-178.468
-0.136,98.206
42.143,45.345
35.899,140.534
47.07,153.904
-56.503,-28.038
28.661,95.427
30.731,97.391
75.889,-72.251
80.555,123.388
10.883,-85.618
-8.35,-80.515
23.848,-44.804
23.95,122.257
44.435,-130.155
35.361,82.051
32.103,142.489
23.003,-108.586
9.754,-83.555
52.43,160.489
31.62,-40.65
-41.731,-75.446
37.575,20.367
6.406,-33.951
39.491,71.355
37.493,-4.078
13.156,145.725
9.512,-86.036
31.824,49.499
11.007,46.004
13.916,56.275
45.425,105.648
12.331,-87.46
-7.001,-12.728
35.691,22.396
32.977,75.88
16.258,-46.946
43.553,82.209
30.477,91.451
16.12,-98.836
50.745,6.743
9.905,57.67
31.539,95.312
39.067,71.605
25.826,98.74
28.635,-43.56
40.112,27.897
31.468,56.444
43.527,82.091
38.245,20.306
41.829,15.788
38.964,23.513
53.308,-35.43
37.389,-4.178
41.1,33.195
35.534,22.621
43.116,13.287
34.41,26.483
42.468,13.278
34.778,23.989
37.271,21.448
35.526,27.354
38.46,20.435
43.989,16.674
40.084,20.076
38.89,23.523
43.304,17.719
39.163,21.484
33.4816667,-116.6011667
32.0195,-117.275
33.4516667,-116.4886667
37.0728333,-117.202
35.7351667,-117.9556667
33.2758333,-116.1245
35.2318333,-119.0801667
34.75,-121.75
33.0773333,-115.6458333
35.7496667,-117.9271667
38.6711667,-118.8385
34.137,-117.3313333
32.0808333,-114.758
32.8675,-115.773
32.7966667,-116.1058333
32.5753333,-115.748
31.4348333,-115.8396667
38.2225,-118.4928333
37.9421667,-118.3478333
31.5298333,-116.333
33.4083333,-116.6066667
32.8305,-115.4695
31.9236667,-115.5543333
32.136,-116.177
33.5816667,-116.0081667
32.8228333,-115.4915
31.8221667,-115.7306667
33.4805,-116.4348333
34.7946667,-120.6656667
34.1458333,-116.9776667
32.6493333,-114.7993333
34.0278333,-116.8566667
33.0038333,-115.3715
35.7561667,-117.9236667
33.0885,-115.0001667
37.0918333,-116.0243333
35.8693333,-120.451
31.907,-117.2345
32.0145,-115.4243333
35.3355,-119.371
37.3013333,-118.1888333
33.2723333,-116.2861667
33.1528333,-116.0841667
35.7885,-117.938
32.9441667,-115.6016667
37.2086667,-117.9493333
33.9411667,-116.4723333
33.3003333,-116.2353333
36.1031667,-121.0856667
34.3781667,-120.8903333
36.6945,-115.872
35.7625,-117.961
34.3796667,-120.8513333
37.0846667,-116.0196667
34.9206667,-118.945
36.8,-115.95
36.3048333,-120.3051667
37.6611667,-118.1646667
34.1535,-119.5968333
37.6215,-118.442
36.8,-115.95
36.5555,-120.4948333
33.6146667,-120.2038333
35.7621667,-117.9188333
32.8641667,-115.4646667
34.8756667,-118.9766667
35.7561667,-117.9196667
37.085,-116.0203333
33.3015,-115.721
33.9666667,-118.8381667
36.2441667,-120.3728333
36.8,-115.95
35.801,-118.3878333
32.9895,-116.3605
36.4146667,-120.485
32.23,-116.488
32.5725,-115.7335
33.339,-116.4056667
33.9228333,-115.8241667
36.522,-120.5176667
34.2395,-116.5241667
33.9536667,-115.8175
33.9906667,-120.7465
34.3376667,-120.1866667
35.747,-117.9543333
33.996,-117.6153333
37.33,-118.2678333
34.0805,-118.221
37.1055,-117.16
33.304,-115.7118333
32.47,-116.1703333
33.9166667,-118.5468333
32.4821667,-116.2343333
33.9786667,-116.4625
34.4285,-116.322
35.6406667,-118.044
34.9838333,-118.4673333
35.761,-118.0203333
33.1308333,-116.084
37.1696667,-116.0425
34.5271667,-118.6148333
33.9528333,-116.7441667
33.2211667,-116.4585
33.2335,-115.8955
36.4803333,-117.9565
33.887,-116.1045
36.0188333,-117.9166667
32.3405,-116.355
34.1361667,-118.801
38,-118.5
35.7671667,-117.947
32.0293333,-115.1981667
33.4503333,-116.4546667
33.9446667,-116.344
33.5,-118.2
33.4751667,-116.5033333
35.0936667,-119.661
35.7393333,-117.9535
33.908,-115.849
34.1451667,-117.3366667
34.0393333,-119.0238333
33.8038333,-118.7003333
33.1666667,-116.0631667
36.6311667,-115.9046667
33.7163333,-116.184
34.0455,-117.5108333
34.0336667,-116.4391667
37.085,-116.02
37.7936667,-118.5468333
32.9995,-115.437
32.979,-115.7165
37.2981667,-118.3083333
34.038,-117.2365
34.2313333,-117.37
36.1318333,-117.9176667
37.0538333,-117.2316667
33.7706667,-116.5153333
35.773,-117.9765
34.1173333,-119.2393333
33.0436667,-115.7595
32.8586667,-115.4603333
34.5853333,-116.2283333
33.1323333,-119.212
36.3696667,-117.4216667
35.664,-118.0798333
38.0375,-118.5901667
37.1531667,-118.0296667
33.8435,-117.5151667
35.0041667,-116.9115
33.5521667,-117.1978333
33.9523333,-117.018
34.0896667,-116.7181667
33.0706667,-116.2451667
33.783,-119.4526667
37.1316667,-116.0386667
35.7675,-117.9875
33.8265,-115.724
37.8055,-118.4056667
33.0648333,-115.8648333
34.1366667,-118.6375
35.4468333,-118.7238333
33.083,-115.766
34.0166667,-116.7576667
33.468,-116.641
33.9283333,-116.3461667
35.2978333,-116.9991667
34.34,-119.6476667
32.984,-116.0758333
33.4893333,-116.5523333
35.7598333,-117.959
35.4296667,-118.71
36.0013333,-117.9633333
37.4063333,-118.3998333
35.7693333,-117.953
34.3231667,-116.4038333
33.1738333,-116.0536667
33.5156667,-116.548
35.6588333,-118.0108333
35.5798333,-118.0983333
34.9095,-118.8471667
32.2691667,-116.6001667
34.03,-117.1063333
33.9218333,-118.7391667
34.1553333,-116.5983333
33.117,-116.4546667
33.1395,-116.3785
35.7513333,-117.9766667
34.4556667,-116.3038333
34.2978333,-116.9296667
35.7581667,-117.9538333
34.0126667,-117.5861667
37.2446667,-118.1703333
35.1723333,-118.6615
32.8743333,-116.7215
34.3136667,-116.4415
35.222,-118.7411667
33.2091667,-116.187
35.954,-117.903
33.8891667,-118.4073333
32.2725,-116.5693333
33.9781667,-117.0238333
33.5348333,-116.3846667
33.5973333,-116.6473333
36.8,-115.95
35.3225,-119.052
37.9736667,-118.9776667
36.3413333,-118.1821667
33.8485,-116.1673333
34.2076667,-119.5211667
33.8146667,-119.0715
33.4945,-116.4986667
35.4573333,-118.0845
35.7175,-116.6865
34.317,-117.501
34.026,-116.4823333
33.0341667,-116.42
36.4328333,-117.052
33.8851667,-116.3205
35.4403333,-117.9183333
34.03,-117.003
33.8953333,-117.931
37.2053333,-118.0028333
34.1066667,-118.316
33.8781667,-119.2608333
34.4196667,-118.5653333
36.0273333,-117.8576667
35.7855,-116.7815
34.0405,-116.5075
34.5423333,-118.6515
34.0268333,-119.1088333
34.1583333,-116.5895
34.8858333,-118.9065
34.153,-117.3306667
36.8,-115.95
35.0286667,-116.7975
35.4758333,-118.7831667
34.6373333,-117.0548333
33.5126667,-116.6725
34.0298333,-117.2606667
35.4261667,-118.7536667
34.056,-116.6931667
34.5925,-120.5631667
34.8836667,-118.9018333
35.703,-116.6815
34.2328333,-117.125
34.6353333,-117.0826667
