44.479,148.485
45.189,99.368
-12.418,166.684
58.23,-136.712
1.011,-79.489
-13.428,-69.388
24.945,124.327
65.915,-156.343
-16.625,-72.242
44.215,148.754
1.541,-79.338
45.273,98.577
-15.344,168.547
1.153,-79.543
38.305,143.317
0.801,-79.428
-3.32,144.83
53.538,159.935
-33.832,-69.958
53.533,161.922
34.29,47.867
-6.58,154.919
51.353,179.357
34.388,47.748
-0.562,129.78
0.422,126.145
56.616,121.074
-57.069,147.743
56.298,163.171
52.902,160.659
7.673,-84.645
8.027,-39.3
-51.822,139.812
-7.151,155.646
1.55,-79.305
1.446,-79.146
50.19,-175.472
20.923,120.184
38.58,143.175
26.571,-110.925
7.992,-84.328
-11.43,-74.733
-13.149,166.78
52.629,-167.237
52.658,-166.983
-4.741,-106.111
31.445,142.59
51.434,-175.363
-3.488,145.997
-14.199,166.469
37.473,20.716
-33.483,-177.854
-5.407,152.099
30.472,84.553
-3.338,150.293
-45.062,166.148
-13.502,166.641
45.141,99.713
-33.492,-179.236
22.706,121.884
50.265,-172.867
-5.482,152.061
38.327,143.393
-4.448,-106.044
-15.156,-175.131
-13.262,166.807
-3.356,146.48
-3.235,-77.877
-15.546,168.384
49.818,155.878
31.071,141.733
-17.877,65.243
44.009,148.02
-16.648,-172.942
-0.068,-17.816
-6.352,155.069
-55.557,-28.199
-17.603,167.995
51.755,159.66
45.052,101.446
49.702,-127.122
10.336,-62.54
-17.812,-64.545
-29.058,-13.215
-15.065,-173.774
48.166,154.442
38.48,142.197
20.643,120.317
35.309,67.46
0.907,-79.581
-5.515,151.897
-3.304,147.26
52.372,-168.715
5.316,-82.406
48.739,102.93
-29.348,-112.642
51.413,-178.496
-39.505,45.911
51.423,-176.009
40.643,143.138
59.466,-143.174
44.367,149.324
44.238,148.217
44.081,148.766
51.872,159.52
32.299,142.36
52,-169.633
35.235,-35.981
23.601,121.637
31.464,104.014
12.578,120.87
-8.92,107.35
51.652,-175.165
43.876,147.393
-30.478,-178.479
-7.817,107.482
55.419,166.449
23.515,93.842
24.853,125.996
45.313,151.749
0.883,-94.627
24.627,142.456
51.642,-177.106
5.853,124.888
-42.899,42.353
-21.214,-69.574
-0.902,149.372
-3.97,-104.695
27.483,-111.666
7.334,126.719
0.463,-29.932
-9.086,112.393
-3.279,145.85
-3.296,145.686
27.812,141.054
-50.193,-114.993
-10.63,112.56
-30.75,-71.902
44.735,85.09
-13.659,166.648
66.017,-155.653
38.426,143.079
65.732,-155.517
26.142,-110.698
16.333,-99.402
65.05,-151.931
64.901,-151.914
-49.737,125.765
-15.031,-177.078
-16.366,-172.399
31.02,141.957
-55.906,-123.868
51.256,-176.696
51.219,-176.479
44.525,148.637
-49.686,-9.012
0.368,126.06
-24.701,-175.577
-14.344,166.802
63.147,-144.506
14.561,-93.107
52.952,159.408
-18.468,-172.713
-14.843,167.846
44.148,149.257
43.756,148.643
44.306,148.71
-15.872,-171.654
46.881,154.2
44.722,104.413
-22.123,64.62
25.648,96.802
38.842,70.302
-22.227,-174.783
47.146,154.571
46.519,153.523
50.881,179.719
23.216,121.867
16.091,-99.384
12.658,123.092
18.431,120.134
41.27,19.631
56.199,-139.002
52.641,161.143
-6.371,131.391
52.379,-169.359
-9.681,27.646
-13.423,166.666
51.014,-177.307
51.063,-176.952
-52.835,140.163
53.176,-166.914
-9.468,149.706
40.476,78.567
13.021,-88.422
-16.78,-172.331
51.228,-176.662
40.958,143.832
-3.628,151.775
34.225,47.827
51.181,-176.163
-36.149,-179.447
23.997,122.49
-24.271,-175.724
-14.019,166.838
45.915,151.849
-7.357,68.006
15.424,-45.823
-36.149,-99.703
53.456,160.269
-34.343,-178.188
-17.634,167.843
27.929,141.167
44.035,149.068
43.967,148.094
-9.126,-109.924
-36.079,-102.705
12.165,-86.592
44.784,149.628
-57.732,-65.934
30.712,142.067
18.476,120.296
16.82,-99.582
56.636,121.191
11.853,92.777
-13.7,166.672
56.432,116.13
53.441,170.118
-54.547,-133.044
32.285,55.563
-20.606,-173.746
20.738,120.388
20.755,120.445
49.622,155.918
26.939,-44.381
55.411,166.458
1.406,-79.547
-5.36,151.932
52.071,99.777
45.195,98.682
-21.935,170.095
36.512,27.697
31.39,129.768
7.242,-34.206
-30.422,-177.489
7.594,-84.39
-5.332,151.802
13.599,-91.999
40.67,23.377
-21.286,-175.07
3.667,-26.669
36.173,66.671
50.573,-177.832
34.429,48.043
-14.199,166.853
-14.014,166.696
-14.092,166.808
-24.003,-175.579
53.811,171.412
41.62,74.981
51.707,-175.127
-19.894,169.002
-10.401,162.068
43.264,100.258
31.525,-41.229
31.248,-41.145
39.476,25.473
39.079,74.751
20.565,120.388
2.75,67.069
33.04,68.239
52.569,161.132
-6.358,154.842
24.131,121.655
43.071,47.793
7.949,-84.424
69.006,-16.722
23.975,126.016
-21.5,-174.52
52.254,-169.572
-28.373,62.595
-2.961,100.265
-33.902,-70.125
37.281,20.497
38.264,141.934
36.299,141.604
22.66,144.917
44.098,149.329
11.3,92.24
43.921,148.516
43.769,148.265
44.799,150.577
58.52,-32.159
36.257,22.321
44.88,150.587
31.393,-40.967
30.622,84.133
65.064,6.952
40.679,143.852
27.676,54.958
40.866,21.112
34.902,27.524
46.367,152.713
37.009,141.387
38.371,103.968
37.14,-14.193
36.185,21.74
35.644,44.668
34.751,71.094
51.186,-179.26
11.858,43.891
68.901,-16.96
45.919,148.498
34.439,59.547
55.97,163.007
25.22,96.194
30.44,84.54
43.934,148.791
44.294,149.021
53.262,161.87
28.989,52.033
45.668,-28.25
69.039,-16.776
30.928,141.623
49.856,179.999
55.371,-35.344
-18.109,168.501
36.266,141.975
36.447,26.721
61.266,136.574
-33.188,-178.627
37.407,54.46
36.673,30.442
41.359,44.043
37.035,20.656
30.092,51.067
50.873,10.307
57.867,-137.375
35.36,23.668
37.227,20.448
47.437,10.699
37.792,22.006
31.705,11.337
41.277,43.898
42.284,13.489
42.637,41.547
53.308,159.82
46.897,14.254
41.134,19.622
36.0188333,-120.7571667
31.9831667,-116.3578333
37.0306667,-121.3798333
32.3045,-115.4828333
34.35,-119.5118333
34.2438333,-116.1935
31.441,-115.5733333
31.6061667,-115.2431667
34.0898333,-116.4123333
36.4871667,-121.6216667
31.8985,-116.0961667
31.6668333,-116.071
31.0145,-115.6543333
31.9848333,-115.2848333
34.4611667,-119.9535
31.4776667,-116.2166667
37.7251667,-118.3466667
31.3103333,-115.597
38.0355,-118.6398333
31.3923333,-115.8101667
34.9535,-117.0156667
37.5695,-118.6016667
33.1546667,-116.506
32.935,-116.2235
34.879,-119.2515
32.0418333,-116.433
30.9798333,-116.388
31.7405,-116.2298333
37.582,-118.6441667
34.9378333,-118.9951667
37.785,-118.3873333
31.5751667,-115.8633333
31.0238333,-118.2158333
31.4536667,-116.1428333
31.7473333,-115.7725
32.8636667,-115.4786667
33.827,-117.494
33.231,-115.9665
35.6906667,-121.4946667
31.9326667,-115.7545
31.6808333,-115.8773333
36.2858333,-122.0508333
33.1133333,-116.0113333
33.4836667,-116.4985
34.0773333,-116.4216667
35.0266667,-119.1946667
31.261,-116.2351667
36.334,-122.1995
32.6521667,-117.068
31.6016667,-116.4503333
31.3806667,-115.9738333
32.0023333,-115.8966667
32.0576667,-115.8623333
34.4016667,-119.4668333
31.6968333,-115.6795
32.0118333,-116.3823333
32.1426667,-115.8061667
34.4078333,-119.5163333
35.4871667,-118.3823333
32.8096667,-118.0515
34.3673333,-119.496
36.2956667,-122.1766667
35.3486667,-118.5915
36.2035,-121.0443333
35.4738333,-118.3203333
34.3231667,-119.5136667
34.9246667,-116.8408333
33.0988333,-116.2868333
33.1476667,-115.8476667
31.9735,-115.9566667
35.1111667,-119.0813333
31.747,-116.2491667
32.8506667,-115.4765
35.4863333,-118.3486667
31.4066667,-116.4015
32.3228333,-115.6503333
34.3455,-119.54
33.353,-116.2991667
32.6253333,-115.9625
35.0495,-118.9155
33.4355,-116.4033333
35.3343333,-118.6188333
34.4686667,-118.004
37.5876667,-118.8635
34.4688333,-119.4545
34.4955,-119.3038333
34.232,-116.5916667
34.534,-116.0435
34.3763333,-119.4543333
35.3636667,-118.6051667
34.009,-116.4983333
35.4228333,-118.674
36.0533333,-117.6955
34.045,-117.2396667
33.7065,-116.7851667
34.2873333,-119.5115
32.3991667,-115.535
32.7995,-115.656
34.3428333,-116.8616667
34.9755,-119.0898333
34.5306667,-119.4151667
34.1013333,-116.413
32.0053333,-116.311
33.0758333,-119.4053333
34.9843333,-119.4346667
34.3735,-119.482
34.8726667,-119.2233333
35.3841667,-118.7038333
32.7265,-117.4671667
34.2485,-117.1503333
35.0856667,-119.072
34.8161667,-116.0245
32.0741667,-115.8046667
33.0933333,-116.4823333
37.2963333,-118.0911667
34.973,-118.9631667
34.0243333,-116.495
33.6796667,-115.6173333
35.0191667,-119.0728333
35.3285,-118.594
34.3013333,-116.1868333
34.0895,-117.1991667
35.2271667,-118.6928333
31.4463333,-117.0435
35.617,-118.0748333
34.382,-119.4593333
34.5171667,-118.5545
34.18,-117.5021667
34.3801667,-119.443
35.4661667,-118.3353333
35.3628333,-118.649
32.739,-117.4231667
33.9725,-118.1206667
35.0996667,-119.0281667
35.0698333,-118.76
34.4305,-116.9181667
34.3605,-119.4961667
33.6573333,-116.7575
33.978,-116.7521667
34.3628333,-119.4776667
34.3901667,-119.4578333
36.0006667,-117.9651667
35.0828333,-118.7198333
35.3538333,-118.4983333
34.0286667,-117.2873333
33.2355,-116.116
34.0335,-119.1505
33.9043333,-119.3248333
35.022,-118.9128333
34.9658333,-119.0568333
33.6913333,-119.1438333
34.0068333,-116.643
34.1511667,-118.0661667
35.5023333,-118.4255
34.387,-119.4808333
35.2915,-118.5658333
33.916,-118.1138333
34.948,-119.4961667
34.3751667,-119.4648333
34.8536667,-118.906
33.698,-119.129
35.0203333,-118.9468333
35.158,-117.0556667
34.3535,-119.4648333
35.3643333,-118.5518333
35.3313333,-118.6371667
33.7253333,-115.638
35.112,-118.682
34.054,-117.2635
35.0783333,-118.8598333
34.7228333,-119.2966667
34.2531667,-117.1671667
34.0613333,-117.233
33.6943333,-118.0321667
35.3585,-118.6678333
34.3558333,-119.491
35.41,-118.572
35.4981667,-118.6815
34.9336667,-119.0203333
35.6923333,-118.4768333
35.3458333,-118.6266667
35.658,-118.42
34.344,-119.6136667
35.3751667,-118.5165
34.1733333,-116.8368333
34.4765,-116.8146667
35.373,-118.622
34.3986667,-119.1098333
37.5345,-118.376
34.9605,-118.6395
34.2863333,-116.8873333
34.003,-117.2751667
34.2476667,-117.2505
35.1055,-118.7236667
34.8773333,-117.3891667
34.022,-116.6433333
33.0801667,-115.6233333
34.598,-117.1025
33.9628333,-117.0036667
34.6246667,-117.1026667
34.0481667,-117.233
34.6805,-119.1135
35.6168333,-118.3521667
34.9833333,-116.9356667
34.0326667,-117.2503333
34.1973333,-117.0311667
34.1501667,-117.3428333
33.7055,-116.7455
33.87,-118.65
33.508,-116.4585
34.0168333,-118.2646667
33.9811667,-118.11
34.1991667,-117.61
