60.908,-147.339
-56.323,-27.655
-24.749,-176.844
38.399,139.29
-15.534,167.666
-48.969,164.285
0.542,122.139
18.136,-100.605
43.222,146.159
8.855,93.101
-4.813,108.045
5.57,95.374
40.328,138.969
-5.557,154.249
-20.744,169.957
55.703,-155.853
-5.581,129.768
-7.22,123.832
-6.405,127.948
56.325,-154.444
-5.1,144.329
47.112,153.851
40.203,28.206
28.065,93.798
-5.773,150.701
-6.029,150.703
-56.529,-26.064
56.489,-152.79
43.527,147.063
-26.43,-71.539
78.035,126.557
36.48,70.947
36.221,-7.59
56.35,-154.081
-0.614,122.552
-4.459,144.01
-6.399,105.431
23.097,120.683
-16.402,-71.744
58.205,-151.289
56.388,-152.115
56.259,-154.214
59.684,-148.979
56.456,-154.428
-4.083,35.243
40.446,139.039
38.67,139.195
44.616,149.553
26.142,-110.307
-23.277,-175.429
-27.802,-71.044
-5.959,149.302
44.411,149.508
45.569,151.017
52.49,153.566
58.784,-149.391
60.206,-146.767
59.758,-145.854
56.311,-153.013
-5.347,133.967
45.275,150.597
-32.744,-178.134
47.08,153.701
14.117,96.074
-32.241,-179.684
-41.121,-74.871
44.362,149.559
19.629,-56.135
-22.691,-69.962
-52.246,28.405
-13.571,165.927
-3.648,146.481
-5.186,151.769
60.201,-146.842
56.305,-153.446
56.446,-152.349
-59.95,150.434
56.431,-152.489
26.128,-110.276
47.026,153.775
44.636,149.886
44.375,149.794
13.023,124.683
-35.815,-102.868
45.423,151.828
50.887,157.229
29.039,141.37
22.307,93.594
59.605,-146.323
56.177,-154.342
-0.862,-80.226
36.164,141.361
5.223,96.742
38.406,139.387
-1.721,149.875
38.092,23.64
-51.325,139.308
-6.023,149.576
-5.88,154.163
-36.243,-100.825
-0.639,121.632
-31.237,-110.93
24.934,121.934
6.716,94.633
41.8,143
44.473,147.179
-15.595,-172.094
57.031,-152.616
59.989,-148.444
50.769,-130.584
56.401,-152.852
45.738,150.792
56.48,-154.343
56.348,-152.946
-60.526,-57.375
-6.016,104.771
59.409,-143.023
35.308,-36.035
-25.845,-177.84
-3.952,131.478
-10.373,162.302
2.956,65.855
-45.493,96.214
0.236,99.954
-49.04,164.26
-6.056,148.145
36.382,141.116
-15.432,-174.681
21.546,94.347
34.904,141.996
11.514,142.056
59.659,-146.898
56.539,-152.192
45.21,151.069
3.872,96.514
59.92,-146.813
56.116,-153.656
45.217,18.049
-11.15,162.264
-9.002,88.778
-55.952,-27.455
-56.156,-27.488
5.031,127.34
-2.142,140.911
11.777,144.611
38.616,139.304
46.629,151.132
14.88,-94.345
53.734,-163.84
-20.434,-174.312
2.994,126.532
-4.114,-76.8
44.395,149.127
-20.449,-173.883
44.454,150.043
-4.361,122.157
37.875,138.485
46.25,153.146
-15.364,-173.21
16.172,119.768
-60.371,-51.012
45.45,150.672
-5.252,150.78
-6.022,154.547
1.908,127.372
18.334,-103.438
59.8,-149.179
61.662,-147.657
56.809,-152.718
36.952,142.881
-41.767,-83.967
56.596,-152.19
-2.755,139.242
1.623,127.145
-26.708,-114.298
4.008,-32.525
22.522,121.164
10.598,92.834
60.003,-147.093
-49.777,-115.991
29.829,80.474
51.885,142.988
3.131,128.096
41.844,82.603
-5.024,153.597
-32.839,-179.08
-8.123,157.109
53.299,-166.388
-21.506,169.791
39.794,142.942
44.483,149.954
-8.448,112.632
60.106,-148.798
58.746,-149.528
57.277,-151.602
58.042,-151.058
0.061,123.274
55.622,-152.022
59.462,-142.834
-6.575,155.054
45.535,151.335
56.125,-153.814
61.502,-147.302
56.527,-154.156
-22.679,-173.943
34.355,141.032
38.205,38.622
-16.013,-172.53
45.582,148.499
46.448,144.73
37.021,71.267
0.031,123.74
47.009,153.818
26.982,92.229
18.585,119.592
43.897,148.013
-6.845,107.244
-7.964,-71.297
46.281,153.2
51.315,-179.337
36.898,21.001
52.229,175.361
14.322,56.283
-27.744,-176.999
59.863,-147.908
60.304,-146.518
57.501,-151.434
59.871,-148.69
-6.63,155.209
58.931,-149.445
5.634,125.696
59.552,-144.836
57.317,-153.989
60.291,-146.239
60.744,-143.705
52.049,-169.718
53.509,-159.777
-6.206,104.86
38.725,139.184
38.806,139.507
58.174,-150.6
3.219,128.293
11.611,121.945
13.102,145.037
10.997,-86.228
56.244,-150.052
28.126,52.531
28.071,52.533
-0.11,124.624
44.496,-31.402
39.841,-29.749
0.637,119.263
2.011,126.678
45.218,150.508
56.751,161.269
33.458,132.012
0.983,118.932
-31.266,-67.705
46.323,152.993
46.093,152.91
27.193,127.336
-0.058,-17.863
1.728,126.905
15.85,-60.587
57.449,-151.69
57.29,-151.305
60.141,-146.939
60.343,-146.027
58.218,-150.739
59.988,-153.718
57.479,-151.535
57.919,-152.67
57.26,-151.894
-21.286,-174.446
45.182,150.5
-56.214,-27.728
60.001,-146.624
26,95.689
-9.727,-76.232
-55.931,-27.851
62.757,-152.059
-6.908,129.711
59.609,-146.304
24.798,95.182
59.603,-149.504
12.682,-87.914
48.709,153.834
-19.876,-175.753
29.075,142.369
50.163,176.57
-1.38,-24.048
60.455,-146.074
45.053,151.475
26.684,54.002
61.511,-147.491
50.791,157.112
58.361,-150.547
22.787,-45.046
-16.199,-171.701
37.1423333,-116.0491667
37.1496667,-116.0553333
37.1508333,-116.0401667
37.5588333,-118.2575
34.373,-116.4826667
31,-114
35.4656667,-118.6413333
37.0778333,-116.0065
37.1513333,-116.077
36.1348333,-114.657
32.4565,-114.7631667
32.8348333,-115.9138333
36.9496667,-116.1093333
33.055,-115.8755
37.0653333,-116.0153333
35.481,-118.6868333
32.9665,-115.6421667
37.1821667,-116.0453333
35.4421667,-118.3493333
31.8323333,-116.1735
37.1743333,-116.067
37.0396667,-116.0293333
31.598,-115.6858333
37.131,-116.0438333
37.0395,-116.0266667
31.9533333,-116.326
34.4996667,-121.5838333
37.1071667,-116.0323333
33.0201667,-115.8391667
37.6043333,-118.5236667
37.1263333,-116.0363333
33.5506667,-116.68
37.0176667,-116.0226667
37.7418333,-117.9471667
37.6565,-118.3906667
37.1111667,-116.0288333
37.1743333,-116.0563333
37.6573333,-118.4093333
35.4286667,-118.6498333
33.8561667,-116.5856667
37.067,-116.0223333
37.1775,-115.9031667
37.1288333,-116.0298333
37.1173333,-116.0388333
31.1646667,-116.017
31.1208333,-116.2751667
35.9473333,-120.0833333
37.7666667,-118.3133333
37.5035,-118.2436667
37.0396667,-116.0156667
34.3635,-116.5091667
33.4561667,-116.6106667
32.6376667,-117.1348333
32.7133333,-117.0808333
37.159,-116.0831667
37.1381667,-115.7525
35.4626667,-118.6498333
34.2725,-118.4408333
36.1123333,-120.9643333
35.4548333,-118.343
37.5456667,-118.1975
37.1486667,-116.076
37.0416667,-116.0121667
32.6511667,-117.1323333
33.2106667,-116.0478333
33.0206667,-115.8186667
36.4853333,-117.8758333
37.0505,-116.0115
34.2081667,-116.7573333
37.5518333,-118.2085
34.251,-118.5811667
37.6095,-118.467
32.2948333,-117.8231667
31.812,-116.3455
37.5461667,-118.2496667
37.035,-116.1338333
37.251,-115.7355
37.4283333,-118.003
31.8846667,-116.2113333
33.7883333,-118.7825
37.1141667,-115.8941667
33.263,-115.67
36.771,-118.1448333
35.501,-118.8241667
31.8178333,-116.3868333
34.4825,-116.3346667
35.467,-118.7035
32.8926667,-115.5135
34.1763333,-116.1935
35.4583333,-118.6558333
37.0438333,-116.0183333
37.5558333,-118.3585
35.1261667,-118.5363333
32.9916667,-116.061
37.449,-118.5645
37.1195,-116.1118333
36.92,-114.6593333
31.98,-116.314
32.912,-115.5196667
32.9635,-115.5925
33.1663333,-115.7663333
33.4468333,-116.6525
33.2938333,-115.426
32.9883333,-115.817
37.6258333,-118.3578333
37.5663333,-118.2675
37.6603333,-118.5741667
37.6056667,-118.4043333
37.5253333,-118.0033333
34.0465,-116.8555
33.1916667,-115.6798333
34.1728333,-117.7076667
33.1518333,-116.2075
33.7811667,-118.1745
35.7236667,-116.6198333
32.1183333,-116.0465
31.9686667,-116.2106667
32.8661667,-115.4545
34.1548333,-116.1778333
37.5026667,-118.1318333
32.529,-117.3096667
32.887,-115.5333333
35.4636667,-118.6615
32.984,-115.6351667
35.0516667,-118.9533333
34.3508333,-116.5596667
37.5231667,-118.5045
34.0365,-116.7791667
32.9975,-116.741
32.9071667,-115.8898333
34.646,-120.461
32.7213333,-118.2738333
32.741,-118.555
34.384,-116.5435
34.9401667,-118.9226667
36.0548333,-117.618
34.6211667,-117.1045
32.9281667,-115.5358333
32.8548333,-116.0166667
33.4006667,-116.2265
33.4871667,-116.5003333
36.6805,-116.3588333
35.0478333,-119.0801667
34.5503333,-116.8455
34.394,-116.5508333
33.0266667,-116.1716667
37.4961667,-118.3773333
33.2025,-115.6423333
36.4061667,-120.144
32.9218333,-115.5221667
35.2646667,-118.6138333
37.5373333,-118.4535
34.0558333,-117.566
33.047,-116.371
35.051,-118.9603333
34.0485,-117.4766667
34.0863333,-117.2595
35.7361667,-118.0816667
34.0115,-118.4443333
33.9313333,-118.4351667
34.9451667,-116.5148333
34.876,-118.9388333
35.407,-118.6315
35.4758333,-118.3553333
34.197,-116.7795
35.4755,-118.6873333
33.4386667,-116.6378333
33.9653333,-116.6191667
34.0046667,-116.7993333
35.4758333,-118.6673333
35.4443333,-118.4385
33.2483333,-116.4541667
37,-116
35.3783333,-118.5855
34.5023333,-116.2636667
33.929,-116.7411667
34.931,-116.775
35.0415,-118.9675
34.3901667,-116.5323333
33.5946667,-118.2596667
34.4043333,-116.1398333
32.7536667,-117.1028333
33.5756667,-118.213
35.6265,-117.2893333
32.8435,-118.4533333
33.8055,-117.9875
34.367,-118.4443333
32.896,-115.5743333
34.2081667,-116.2188333
37.4443333,-118.267
34.2511667,-116.2703333
35.3136667,-118.6556667
33.9538333,-118.4768333
35.6445,-118.3998333
37.5203333,-118.1805
33.6935,-116.7385
35.56,-118.4635
35.1235,-119.1275
37.0893333,-118.771
35.4278333,-118.6976667
34.1951667,-117.5763333
34.0005,-117.2243333
33.933,-118.4216667
34.4335,-118.5305
34.2658333,-116.7695
37.5736667,-118.2266667
35.479,-118.3626667
35.3461667,-118.5858333
34.2955,-116.8805
33.6171667,-118.3225
37.5428333,-118.2745
33.2195,-119.3368333
35.0135,-117.6698333
34.7066667,-119.221
35.4755,-118.3426667
35.4563333,-118.6246667
35.034,-118.6088333
35.4801667,-118.6553333
33.5591667,-118.0421667
34.2155,-116.7228333
35.3956667,-117.8358333
33.9918333,-118.9078333
32.8008333,-117.0796667
33.4373333,-119.0066667
35.0675,-118.4158333
34.1596667,-118.9443333
35.054,-117.733
36.3271667,-118.147
34.0416667,-116.7438333
34.2361667,-117.0983333
33.3203333,-118.3461667
34.2395,-117.5565
33.2278333,-118.9481667
35.2591667,-118.4661667
34.6361667,-116.871
33.7031667,-118.0048333
34.6453333,-117.0698333
33.5263333,-118.2315
35.0553333,-117.7015
34.0011667,-117.9716667
35.2298333,-118.6121667
35.0966667,-118.3263333
35.0456667,-118.4368333
33.967,-118.3956667
35.6221667,-118.4116667
33.6218333,-117.9948333
34.4611667,-117.5353333
34.6063333,-117.0635
34.2035,-117.5285
33.8146667,-117.9876667
