-10.665,-78.228
2.388,128.49
24.122,122.583
-10.318,161.006
-7.24,124.583
-1.571,-15.611
-5.388,151.592
29.988,68.588
50.513,-171.301
-21.558,170.596
37.545,115.061
11.323,139.593
-10.061,161.149
51.826,179.778
39.235,41.572
18.919,-107.176
31.525,80.487
-21.149,-179.093
-12.191,167.132
-60.244,-27.199
22.232,145.978
-17.67,168.021
-32.265,78.866
0.622,29.863
36.421,71.224
29.956,69.761
30.276,70.041
20.711,146.163
37.156,114.875
-0.711,122.191
17.135,-100.126
-15.899,167.914
26.246,103.187
-8.341,-74.142
24.739,122.414
56.241,164.754
-17.757,-178.55
-15.37,-175.109
31.0395,-113.7773333
-6.458,146.298
7.65,-81.913
-56.79,-25.965
31.422,80.554
-45.685,96.003
-38.231,-72.695
29.706,80.935
-22.499,170.742
-22.987,170.75
27.412,100.103
-15.681,167.258
-18.108,-178.062
-18.096,-178.979
55.956,-153.942
39.093,21.777
-13.696,166.555
1.903,126.334
37.535,115.039
23.973,122.938
51.301,157.703
56.896,-153.601
24.298,122.595
48.888,156.275
-14.828,-75.835
29.906,68.681
-21.343,171.484
39.438,41.094
-60.256,-26.922
22.924,121.507
58.335,-153.303
-31.452,-71.049
-0.57,122.235
-5.996,149.735
51.41,-178.291
13.901,146.481
-52.772,160.124
-21.242,174.342
24.303,125.186
-0.111,125.071
-23.734,-175.678
-16.654,-177.279
-60.354,-26.485
-31.973,-68.301
-37.199,177.558
44.688,149.939
33.675,137.244
-17.114,168.559
-6.561,132.642
-55.495,-27.079
-15.404,-172.843
29.244,130.344
37.714,115.275
23.869,142.248
37.464,115.127
18.82,147.221
41.703,48.238
35.581,142.171
34.425,26.455
53.934,-164.122
46.418,152.735
9.528,126.505
29.504,80.845
-13.794,166.644
-19.474,-173.254
29.937,68.778
19.279,-108.27
-20.161,-175.228
13.295,121.467
3.487,64.014
-0.007,125.026
8.48,126.645
-22.128,170.04
18.261,-100.985
-11.793,121.601
19.102,-67.878
41.746,144.389
-11.292,166.143
-5.201,151.583
0.586,120.141
50.023,155.506
26.12,103.222
6.709,123.842
-38.747,178.061
-13.626,166.829
37.798,115.096
-38.194,-73.198
35.6,142.037
-37.656,-73.428
24.97,-109.085
-10.033,160.937
-23.495,-175.808
-1.741,134.06
6.761,-72.976
39.385,-120.252
27.419,92.576
38.796,21.242
48.019,146.857
-14.851,167.051
51.101,-170.604
-56.722,-141.439
52.293,160.356
27.863,141.992
-16.673,-71.111
13.248,95.42
52.764,172.058
37.883,138.151
30.013,69.606
24.13,121.966
-9.851,116.376
31.193,142.001
48.256,154.425
-19.991,-68.842
12.01,92.483
9.409,-84.282
57.271,-152.483
48.853,156.133
24.274,122.631
-23.461,-174.657
-0.047,123.13
-11.022,165.171
51.745,176.296
51.867,-179.88
-24.16,-70.082
52.563,-161.63
36.395,70.903
14.478,-91.84
42.981,140.708
-27.693,-177.185
-31.241,-177.747
-57.964,-25.518
52.829,172.048
-24.837,-64.413
0.211,123.555
16.709,119.973
-32.233,78.999
-25.983,-70.328
8.865,-83.467
36.617,141.121
26.199,127.507
-14.074,166.724
18.113,-102.557
34.023,138.983
-6.974,129.352
30.081,139.992
13.894,146.41
-6.384,131.044
-21.658,169.814
44.238,147.766
-10.172,160.85
29.543,80.915
44.707,37.272
51.664,-173.677
-10.987,162.767
37.38,-114.157
-5.026,125.119
-3.195,-77.166
23.873,123.228
-36.094,178.575
27.775,54.227
29.734,142.669
-56.111,-27.62
-18.319,167.58
-25.563,-70.497
52.612,173.14
44.757,150.195
60.481,-140.766
54.21,-164.476
-59.548,-26.465
51.514,157.119
26.14,125.744
52.55,173.462
43.691,139.738
1.742,126.337
-52.655,19.709
-21.176,-174.429
56.382,-154.604
-8.495,114.967
48.848,156.288
-44.195,-75.478
-14.929,167.839
24.328,122.66
51.399,-178.35
43.726,140.19
-38.36,177.139
51.748,-173.478
-10.692,161.237
28.565,78.961
52.156,175.053
61.197,-147.781
45.401,150.549
61.58,-150.126
52.141,-169.158
-23.822,-67.863
17.042,-61.885
6.6,-82.746
19.374,122.147
50.993,175.957
50.164,157.767
35.7905,-120.294
37.3158333,-116.299
33.643,137.232
37.1646667,-116.0523333
37.1111667,-116.0578333
37.348,-116.3218333
37.0683333,-116.0353333
31.5443333,-115.7196667
36.1725,-120.7293333
37.0868333,-116.0333333
31.5728333,-115.615
37.0725,-116.0291667
37.227,-116.0555
37.2426667,-116.4308333
35.8085,-120.188
37.1715,-116.0488333
35.95,-120.5
35.1741667,-121.7793333
37.2718333,-116.4338333
31.867,-116.1361667
36.5058333,-121.2545
35.1185,-117.3153333
37.0916667,-116.0186667
31.9193333,-114.6186667
30.3275,-114.561
36.8873333,-115.9406667
37.1783333,-116.0976667
37.1395,-116.1408333
37.1553333,-116.0721667
37.0096667,-116.2023333
37.0093333,-116.0091667
31.218,-115.8778333
33.257,-116.2696667
37.4885,-118.4875
37.0594,-116.0388
35.7653333,-120.1915
36.8768333,-115.9506667
33.2066667,-116.2085
37.0506667,-116.0388333
37.1343333,-116.0711667
31.4556667,-115.5146667
37.0428333,-116.0103333
37.1263333,-116.0695
37.1436667,-116.0525
36.0571667,-120.3228333
35.8548333,-120.4698333
35.4063333,-117.811
37.137,-116.1371667
37.1408333,-116.0631667
37.1343333,-116.0498333
37.1745,-116.2083333
37.1686667,-116.0461667
37.0373333,-116.0293333
37.4256667,-115.6703333
35.7981667,-120.2046667
37.0316667,-116.0156667
36.526,-121.3826667
31.8873333,-116.2535
35.9811667,-120.451
37.0208333,-116.0363333
35.1401667,-117.3268333
37.0173333,-115.9921667
35.846,-120.4103333
35.4701667,-114.5945
36.6178333,-121.176
32.788,-115.5741667
33.207,-116.0646667
35.9263333,-120.3733333
35.9866667,-120.422
35.7866667,-120.3265
38.1481667,-118.2526667
34.1236667,-117.4073333
32.6583333,-115.3285
35.325,-118.5063333
37.1161667,-116.0275
37.1403333,-116.0988333
35.8666667,-116.7841667
37.1026667,-116.0198333
33.3205,-116.7376667
32.6276667,-117.9463333
37.1686667,-116.0476667
35.8811667,-116.7635
35.4041667,-118.4291667
37.4771667,-118.7153333
34.2378333,-117.0911667
37.1698333,-116.0471667
33.1748333,-116.3893333
33.1626667,-116.4403333
36.1948333,-120.4231667
33.1326667,-116.4285
36.0731667,-120.4361667
33.9878333,-118.3166667
32.7785,-115.4506667
34.0263333,-116.665
35.8878333,-120.3615
35.7295,-120.4266667
35.8308333,-116.778
35.8246667,-120.1583333
35.8516667,-120.2751667
33.581,-116.5368333
36.0453333,-117.399
35.9605,-119.9826667
33.0825,-115.785
34.3946667,-116.7635
35.3401667,-118.5581667
35.7928333,-120.3353333
35.4226667,-119.3191667
35.7213333,-116.8963333
33.7611667,-116.0738333
36.4738333,-118.2611667
35.4728333,-118.6721667
35.8183333,-120.2948333
32.0908333,-116.3163333
35.8991667,-120.1951667
34.214,-116.4696667
37.6775,-117.9325
33.56,-116.5303333
32.6491667,-115.3948333
33.7228333,-118.0448333
34.4336667,-116.5055
35.4485,-118.6583333
35.72,-120.2778333
35.7543333,-116.8661667
36.0585,-120.4125
36.3495,-120.3068333
33.1781667,-116.567
34.6283333,-118.7543333
36.448,-117.8108333
31.9996667,-115.8041667
35.7041667,-120.2623333
36.0921667,-115.0653333
35.4258333,-117.7783333
35.431,-117.712
37,-116
34.0838333,-118.5325
37.1235,-116.1063333
33.4796667,-116.3591667
35.8203333,-120.4035
33.0325,-115.9821667
36.352,-120.326
32.3316667,-116.3498333
34.0453333,-119.6693333
32.348,-118.5545
36.2556667,-120.4363333
34.133,-117.43
35.9463333,-120.47
35.878,-116.6728333
32.8746667,-117.194
35.8656667,-120.5405
35.9093333,-120.1548333
36.1106667,-117.8875
33.323,-116.4233333
35.7073333,-118.0726667
34.1211667,-116.7455
34.9328333,-116.5808333
35.8565,-120.4461667
34.1696667,-117.3613333
32.487,-118.2963333
33.4175,-117.728
33.3271667,-118.0351667
34.0016667,-116.7081667
37.0595,-119.7976667
34.0971667,-118.5028333
34.454,-116.974
35.9053333,-120.4336667
33.8118333,-117.7165
35.4448333,-118.4003333
33.728,-115.3633333
33.8613333,-115.3963333
35.797,-120.3281667
35.9223333,-120.4585
36.4343333,-117.9723333
34.447,-119.84
35.2971667,-119.2706667
34.0246667,-116.4108333
33.1375,-115.6031667
34.932,-116.444
35.0736667,-118.9095
33.0381667,-116.4356667
34.9255,-116.5233333
35.6758333,-117.0045
35.9286667,-117.9248333
35.1306667,-118.6251667
35.3076667,-118.6028333
35.4346667,-117.7836667
32.747,-118.1716667
33.9615,-116.605
35.555,-118.4183333
35.577,-118.4093333
34.6493333,-119.1288333
35.3485,-118.922
35.4563333,-118.6971667
37.1133333,-116.0313333
34.0933333,-116.7758333
35.4238333,-117.7655
35.8975,-116.7853333
35.1101667,-118.5403333
35.7101667,-118.4528333
35.7951667,-116.7791667
33.9885,-116.7946667
34.9526667,-116.9573333
34.9711667,-116.6773333
35.2121667,-118.994
35.9908333,-120.4355
35.4203333,-118.4723333
34.6855,-120.798
35.329,-118.6411667
33.775,-117.0925
33.8006667,-118.0868333
35.3603333,-118.5738333
35.9305,-120.4636667
35.8645,-120.3905
36.007,-119.9678333
35.3216667,-118.541
33.8256667,-118.9951667
36.449,-118.0096667
34.6365,-116.484
34.9295,-118.9858333
35.3188333,-118.5366667
34.5401667,-116.4671667
35.5496667,-118.4191667
34.572,-118.8358333
35.2678333,-118.6395
34.011,-117.36
35.3365,-118.5525
33.9823333,-118.5963333
34.3478333,-116.8306667
35.3456667,-118.5161667
35.3501667,-118.5028333
36.12,-117.8611667
35.0418333,-118.7973333
35.997,-120.4585
37.178,-118.1231667
35.7041667,-116.968
34.5698333,-116.6636667
33.9628333,-119.8636667
34.6045,-118.932
34.6063333,-118.9171667
34.4468333,-118.5631667
35.804,-116.8686667
33.7371667,-116.1531667
34.6683333,-118.7413333
35.7186667,-116.9558333
34.6296667,-117.0906667
34.3601667,-116.9411667
35.2858333,-118.5988333
34.6448333,-118.762
33.9313333,-118.5323333
34.6365,-117.1028333
35.0415,-117.6863333
35.059,-119.1051667
33.3601667,-116.7933333
34.5845,-118.8303333
35.0335,-117.6976667
33.3855,-116.3881667
35.8875,-120.4196667
35.26,-118.6296667
37.5248333,-118.5636667
34.8755,-118.9115
34.7855,-116.1433333
34.6216667,-118.742
35.5466667,-118.4255
34.3775,-116.8406667
33.5271667,-118.1561667
34.5903333,-118.8475
35.1415,-118.6201667
34.4011667,-116.8755
35.3335,-118.5201667
35.7798333,-120.3108333
35.8978333,-120.4271667
34.619,-118.7463333
34.6031667,-118.9231667
33.9833333,-117.2486667
34.6561667,-118.8063333
34.0441667,-118.7636667
34.0053333,-117.2663333
34.1085,-118.1196667
34.003,-117.2726667
34.6613333,-118.807
34.5691667,-116.9658333
33.8131667,-119.2638333
34.0163333,-117.3008333
34.6456667,-118.8238333
35.5541667,-118.4195
34.6328333,-117.076
34.6581667,-118.8118333
