6.405,126.64
43.233,145.785
18.481,-102.996
33.362,140.827
31.398,100.581
50.486,156.584
43.318,146.442
13.372,122.787
-60.823,-21.549
35.178,86.481
70.779,54.177
-6.868,149.993
18.267,-96.598
-0.189,-18.027
73.302,55.161
-58.302,-13.394
57.84,-137.33
-32.518,-71.478
6.966,91.384
43.175,146.56
-55.532,-28.344
2.033,126.58
10.679,-84.759
4.956,-78.144
12.205,125.33
41.891,130.871
-32.987,-71.916
44.639,149.276
-61.037,-37.881
-15.779,167.218
-4.439,134.03
23.052,101.11
-54.518,-132.624
-14.233,167.228
51.619,-175.404
12.184,-86.223
-30.387,-177.509
2.091,126.643
-47.796,99.661
-10.294,161.362
49.986,78.853
-27.118,-71.514
-26.829,-70.919
-54.849,145.849
0.636,-29.514
51.579,-175.247
15.128,-45.15
-38.997,175.232
4.691,-75.628
5.609,127.202
-1.905,99.637
44.672,149.289
-30.578,-71.151
-14.665,166.384
18.601,-104.967
-22.655,-66.195
-45.475,96.288
54.828,161.599
50.835,157.103
50.893,157.443
19.933,-155.1
-17.192,167.814
-14.264,167.274
-16.231,-173.11
-26.781,-70.879
-54.351,-136.55
32.995,104.015
11.511,121.389
-4.387,-102.003
-21.985,-63.656
50.052,156.309
38.911,141.91
6.148,127.492
-1.535,136.657
-2.989,139.08
-16.119,-172.48
-21.569,169.912
5.648,127.135
-35.513,-16.211
-0.115,123.931
28.206,139.227
-19.194,168.74
6.274,127.336
-19.376,169.359
23.415,123.957
23.338,123.757
-59.281,-26.097
54.011,-163.76
53.693,161.594
42.706,146.041
12.271,125.433
57.98,-138.021
13.225,124.699
-8.767,160.991
43.446,146.433
-4.471,144.042
-32.791,-179.208
42.453,130.907
9.048,123.789
-4.364,-101.939
70.756,53.872
19.379,-104.975
49.975,156.356
-15.198,167.391
5.726,127.106
-1.515,136.627
-2.91,139.084
5.664,127.292
-7.04,155.8
-1.812,99.678
-11.187,162.251
22.288,121.55
-9.934,160.932
-1.696,99.68
51.301,174.217
29.273,130.414
11.663,43.035
-10.016,150.176
2.281,126.715
-1.468,99.851
-3.73,152.077
-18.125,65.293
24.281,93.548
53.529,161.495
42.996,146.409
43.402,145.801
35.256,86.602
-24.813,-179.22
-26.735,-70.896
-56.273,147.417
57.067,-154.101
7.103,84.307
39.536,143.137
26.582,-44.669
35.606,140.447
-26.075,-67.77
-6.153,154.459
-24.675,-64.599
-55.724,-28.256
53.648,160.532
-41.861,42.77
0.448,126.213
-9.207,67.351
-1.886,99.637
12.404,144.108
44.126,150.973
-6.134,148.846
-14.593,167.793
-11.096,162.279
27.081,140.103
-12.091,166.499
31.46,100.286
-15.307,-173.322
-62.473,165.272
-5.315,152.154
52.835,173.773
43.674,147.755
-9.784,119.303
-16.646,175.866
-6.225,151.823
51.372,-179.743
44.103,83.55
-53.93,159.398
-7.291,120.385
51.304,-179.392
42.498,145.969
8.132,137.334
43.2,146.79
43.125,146.574
43.018,147.11
-53.156,22.692
-18.102,-178.277
36.406,140.951
51.287,-176.644
-7.194,156.035
10.607,138.423
-37.314,179.449
39.488,143.111
25.645,124.509
9.159,126.135
-7.034,-76.138
-54.747,158.511
38.896,20.441
-51.183,139.528
-55.741,-28.275
6.343,126.626
-1.592,136.656
6.654,126.525
-5.59,153.244
52.927,159.39
-55.494,-28.205
-54.358,5.297
-54.408,5.357
-15.127,-175.008
-19.847,169.029
27.874,127.69
-55.909,-27.844
-5.358,126.746
-30.233,-177.611
-62.496,166.269
-2.088,-78.21
50.101,156.744
-5.193,103.235
-8.267,117.381
-41.373,174.487
-28.049,-68.942
-65.543,179.33
33.394,140.745
-3.004,140.101
51.685,176.239
-2.26,-78.523
14.183,-91.899
-19.184,169.665
42.964,146.48
42.601,146.383
19.105,121.153
0.95,125.99
21.112,143.107
6.79,-72.982
10.686,92.583
-6.064,153.764
17.323,-100.679
-18.35,-69.196
-16.063,-71.312
-26.825,-70.999
0.326,125.258
-26.628,-70.82
-1.956,139.306
-5.378,151.491
37.211,142.126
-15.988,168.102
7.345,-72.832
10.348,125.293
-2.979,139.268
-24.164,-176.351
85.992,30.825
-28.463,-70.853
33.82,135.451
33.82,135.378
-3.043,122.582
-3.486,145.948
35.181,23.797
37.245,-116.346
6.069,126.967
33.273,141.056
3.629,128.51
5.671,127.134
-16.64,28.017
-22.173,-179.624
34.732,70.396
-27.716,-63.261
29.284,68.571
0.376,122.224
-55.654,-26.774
18.886,-103.545
49.835,78.232
-36.694,-17.203
-45.538,35.134
-33.489,-179.635
-23.024,-175.592
-15.184,-173.524
2.058,126.396
-23.175,-66.293
4.19,126.832
31.719,139.304
52.576,172.872
43.608,147.709
-20.666,-69.187
46.998,152.294
-0.832,127.54
50.813,157.548
-9.983,150.183
-3.937,152.059
-10.19,120.53
-25.916,-177.411
44.98,-125.774
43.069,145.375
42.683,146.337
42.715,146.035
-28.518,-176.761
19.104,-101.833
-27.235,-71.142
-19.077,168.821
-30.526,-71.601
-52.801,140.04
-15.538,-173.09
22.131,121.475
1.994,126.72
51.449,-176.626
45.735,26.477
25.78,129.532
-47.369,165.741
40.657,139.552
-5.548,151.105
-8.341,-74.178
5.23,-78.034
-26.12,178.282
26.526,-44.553
9.822,126.558
-52.329,160.669
71.541,-12.098
35.716,140.561
-8.745,115.36
-13.548,166.637
-32.937,-71.877
13.797,120.239
52.444,178.353
-3.967,-80.971
-18.275,-178.133
46.126,151.447
-55.636,-28.195
5.606,127.188
-1.297,89.325
-21.817,-179.423
51.633,-176.308
-9.854,117.427
39.114,71.889
-3.528,135.474
-15.857,-174.055
49.899,156.084
4.553,125.703
-17.517,-178.501
-6.076,148.613
16.951,-61.419
-7.31,128.358
58.307,-149.81
50.078,156.936
-0.211,124.393
49.884,157.295
50.439,156.278
-55.322,-28.582
-34.131,150.266
41.589,142.012
4.175,126.491
-5.448,154.209
2.013,126.552
-53.23,159.213
-22.759,170.245
25.89,-109.878
-4.528,141.815
-59.918,-31.282
-23.876,-177.044
-20.613,-178.825
51.123,-178.829
-42.264,173.046
5.162,-75.813
7.27,-82.343
-1.438,-79.875
0.363,125.243
-46.102,73.202
-16.625,-176.955
-3.243,101.24
44.062,148.223
41.025,82.195
33.144,140.671
-10.011,150.316
14.277,-92.008
-17.467,167.736
46.973,150.989
-20.043,169.694
-40.544,173.906
53.564,161.551
42.916,145.569
42.619,146.446
42.952,146.657
42.941,146.339
-21.166,-174.263
43.182,147.33
51.875,-176.9
43.302,146.815
21.013,143.14
42.847,146.739
-12.792,166.685
43.988,147.849
-27.037,-71.04
-27.075,-71.225
-10.246,117.107
-15.792,168.21
-1.018,136.35
-8.684,160.725
-8.974,106.932
50.478,148.849
-14.327,-72.128
-37.65,-73.379
-22.812,-70.222
-58.323,-24.983
33.081,86.877
61.039,-146.828
-5.622,151.504
33.243,86.749
31.65,100.013
-3.422,68.125
-17.32,-174.343
-55.359,146.254
13.244,50.722
-1.228,136.4
27.557,-112.419
36.369,71.16
-33.042,-179.151
-6.029,124.686
-24.286,179.171
-5.93,152.422
-23.794,179.138
30.573,52.887
38.622,142.15
-1.374,-15.791
-1.599,69.833
-19.401,168.895
1.257,125.927
-6.264,154.11
1.035,126.211
-59.367,-17.889
49.445,-28.236
52.101,-169.605
51.768,-176.998
-55.471,-28.754
-44.96,-77.854
51.245,-179.215
-6.718,131.328
-4.34,103.09
-30.251,-177.44
-57.513,-140.954
-62.587,167.445
-5.349,153.16
-55.695,-26.916
-9.408,111.142
2.171,126.5
-57.921,83.573
22.017,100.62
31.882,100.062
50.237,156.862
11.703,42.927
76.251,5.987
11.937,122.499
26.821,125.304
41.593,142.008
6.639,124.086
50.006,77.725
-59.943,-27.518
-4.041,102.599
6.386,117.704
-17.514,179.623
-8.151,156.408
37.129,141.323
-3.668,137.817
45.651,149.564
0.979,126.025
-23.571,-111.946
-21.998,-179.12
-2.99,127.45
39.793,-108.366
44.586,149.334
51.627,-173.436
13.941,-90.877
52.911,160.08
-56.637,-26.551
53.625,161.59
51.269,-179.424
37.711,95.644
-58.284,-25.515
42.425,145.805
42.666,146.12
-6.909,129.134
52.176,-164.867
43.062,146.478
43.002,146.651
43.099,146.503
-5.453,131.485
28.904,103.633
-4.776,153.198
52.747,172.261
54.043,164.092
12.277,125.396
12.149,125.514
-27.138,-70.941
57.905,-137.902
-6.019,150.6
-27.034,-71.198
49.78,78.058
-27.069,-71.196
-0.11,125.006
-15.237,-173.924
-27.245,-71.452
43.38,146.506
-7.463,122.118
35.071,86.45
3.449,125.224
0.609,121.679
-55.713,-28.304
-6.674,105.608
24.078,122.312
0.011,124.906
-6.337,154.362
12.333,-87.084
43.086,146.8
-4.325,-105.785
27.814,104.542
9.838,-84.586
-27.93,-68.86
36.442,70.13
-6.086,154.459
-19.203,-172.956
-17.804,-176.998
-3.458,135.607
23.334,123.566
11.504,121.498
21.571,142.924
28.079,56.755
-0.16,125.046
-29.57,-177.45
-20.891,-178.959
-30.366,-177.904
63.904,-22.197
51.639,-173.687
10.219,125.271
13.176,145.029
-58.829,-24.671
-4.538,151.473
-32.633,-179.131
-17.793,-178.263
43.736,-127.469
4.801,-32.591
-6.356,154.899
-32.655,-179.715
-19.423,-69.868
-21.685,-179.379
33.113,75.891
9.874,57.885
-25.937,-67.731
-2.867,136.319
-6.163,151.794
-19.068,167.406
-19.896,-176.475
-8.582,154.007
-9.214,150.634
44.344,-129.154
35.808,21.835
-15.496,167.487
6.983,126.151
0.537,125.957
54.12,-165.543
-4.38,153.219
-56.073,-27.458
29.272,68.564
6.943,-75.337
54.57,161.603
-45.684,-76.637
-17.698,-175.156
51.79,176.264
43.916,147.473
-7.42,-74.81
6.448,126.797
36.705,68.442
-10.377,-13.014
33.196,140.653
2.52,66.424
5.988,-82.372
-36.109,-101.018
45.208,148.571
-5.252,151.507
33.979,-119.0501667
-4.62,151.829
-15.412,-173.284
-1.762,99.658
50.109,156.925
9.551,126.127
24.985,128.198
8.936,137.877
6.154,126.853
-3.06,139.096
-21.867,127.322
-6.351,153.072
-15.49,-175.257
38.333,73.934
11.739,42.746
43.258,147.777
43.65,147.645
5.466,126.365
-6.027,146.08
-14.044,165.956
-14.833,-173.136
-33.193,-179.141
-15.882,167.283
-34.511,179.807
6.785,-72.997
4.859,-78.177
-6.323,129.873
-5.972,129.684
43.517,132.256
-17.599,-178.932
51.372,-179.52
-58.517,-26.631
-0.934,-13.189
13.63,120.752
-23.704,-111.979
-50.07,114.281
19.581,-70.61
53.929,160.521
11.643,125.802
42.308,145.411
-20.768,-68.824
42.855,146.496
42.916,146.48
42.56,145.858
42.781,146.332
-17.005,175.795
-2.365,139.291
-16.983,175.814
-6.114,153.744
43.061,146.609
43.102,146.014
42.801,146.641
-30.567,-178.036
3.895,-85.005
12.14,125.393
44.075,13.273
-19.173,-69.77
12.294,125.632
-27.189,-71.243
-26.986,-70.956
42.653,146.788
49.027,-128.007
-6.337,154.823
-10.247,151.902
-4.345,134.463
19.093,-106.313
35.112,86.423
12.239,125.783
-6.991,129.66
12.813,-86.674
23.334,94.51
40.946,143.111
-56.32,147.391
-26.774,-70.913
37.345,56.505
-13.789,169.05
54.794,162.401
44.314,147.786
-58.155,-25.078
-19.153,-172.98
42.711,67.41
-5.2,102.64
27.832,52.734
-36.372,-179.846
51.245,-179.26
50.55,68.395
7.414,123.742
24.897,63.139
-0.045,124.05
29.34,130.257
5.239,-78.11
-15.61,179.951
9.961,126.313
-41.798,-83.566
43.297,146.906
37.747,71.953
-16.024,-74.045
9.166,-83.981
-7.376,154.138
3.819,125.62
-21.793,-63.565
49.765,78.196
17.841,-106.079
-17.977,169.094
0.415,124.465
54.618,161.447
18.134,-99.687
-6.429,130.647
0.064,123.034
-6.032,129.905
-24.623,-64.603
14.504,-92.728
-44.972,-80.28
-0.312,125.213
36.116,4.443
-41.595,80.185
24.154,142.229
-55.691,-27.99
-11.747,162.541
-12.521,166.604
-44.285,-81.708
5.404,-82.541
31.241,88.088
-21.318,175.2
-31.515,179.518
35.992,70.581
-2.696,101.27
-38.284,176.26
-2.385,138.797
-6.916,150.182
5.938,126.838
-9.386,122.163
29.307,68.491
-21.655,-179.035
-5.97,149.692
-9.192,155.991
-17.522,-173.038
50.399,156.848
2.377,126.679
-55.336,-27.958
-5.798,151.14
32.05,49.428
-2.713,119.837
-20.479,169.659
14.478,-91.637
-7.001,150.016
28.584,52.62
-15.166,-173.443
-10.909,164.343
5.696,127.039
6.165,127.063
50.116,156.921
-15.255,-71.238
-57.906,-25.246
-22.037,127.472
-23.059,-175.403
13.937,120.357
2.036,126.392
-6.831,102.071
2.148,126.785
-24.189,-179.71
50.821,157.165
28.135,86.993
-5.249,153.573
38.292,73.901
28.573,52.671
11.748,42.87
-2.153,99.715
-4.763,103.24
51.94,-177.402
-4.619,103.192
43.371,147.728
28.895,140.706
-2.626,138.729
49.982,155.992
-5.792,147.247
-20.193,168.807
-32.817,-108.839
-6.416,144.253
24.005,121.505
-33.958,-70.595
37.604,72.106
5.082,-78.168
27.092,60.837
-6.345,144.304
-2.84,119.476
-41.926,173.304
-48.908,-75.84
-15.716,167.833
-16.868,27.903
1.565,128.524
-25.638,-70.433
-4.28,134.254
-15.575,-73.849
-6.257,104.154
-20.852,-174.02
-56.895,-26.5
14.71,-91.234
-5.527,146.382
-6.266,147.02
-40.475,175.493
-17.3,167.801
-6.536,153.605
-22.145,-176.754
-5.4,154.18
-57.7,-142.123
39.53,74.813
19.686,-109.498
-21.09,-178.775
21.82,146.917
43.005,146.416
42.908,146.455
43,145.344
42.6,146.246
-6.512,154.818
42.906,146.724
36.452,140.613
21.944,142.895
-11.056,162.17
-0.908,130.629
43.062,146.946
52.915,-174.676
6.925,126.781
42.552,145.783
23.385,123.488
-1.052,126.759
-3.191,134.415
29.087,103.589
-46.407,95.872
28.839,103.669
-3.835,131.108
22.856,121.376
57.78,-137.286
42.914,145.404
12.182,125.546
12.269,125.277
-27.113,-70.999
27.24,92.474
23.612,94.841
-7.586,104.544
-4.881,151.693
-15.146,175.036
-24.064,-177.331
37.521,142.487
52.223,174.214
12.232,125.464
-56.263,146.92
18.757,-106.545
35.549,96.06
11.988,125.388
-27.08,-71.154
-8.028,128.962
-5.809,154.497
-9.003,118.709
-1.097,-24.679
-3.078,129.461
-27.147,-71.051
-27.124,-71.183
19.958,-73.07
-22.263,-179.621
51.3,-176.64
42.012,142.475
-56.04,-143.793
11.358,121.178
2.938,126.619
-4.291,135.776
18.497,146.067
12.263,125.442
-59.586,-26.132
56.036,163.608
51.461,-178.388
-17.093,-173.232
-22.484,29.245
-22.806,-176.274
-19.253,167.621
14.984,-94.301
31.484,99.997
-7.112,-12.841
-34.994,-109.536
7.552,144.677
63.935,-22.233
45.635,67.85
18.834,120.65
-25.946,-67.635
3.51,127.101
9.942,126.345
-27.064,-70.987
-55.157,-28.541
-1.032,136.515
7.523,126.828
-5.953,104.917
51.608,54.582
-3.246,128.976
-26.605,26.618
9.915,126.124
45.54,151.78
-6.476,146.707
42.339,146.606
16.29,122.356
-31.649,-71.783
29.575,-113.644
28.219,82.945
-12.611,166.42
2.968,-74.86
44.183,149.037
18.072,-106.125
-6.255,130.384
-57.846,-25.639
-4.366,153.025
32.924,49.598
-4.373,131.095
-1.361,-15.935
9.912,93.752
-5.838,146.204
34.657,80.968
-5.501,151.118
-55.767,-28.182
-5.094,151.792
-55.79,-28.104
2.87,96.355
-25.64,-70.266
53.297,153.358
33.9568333,-119.4748333
-13.382,167.092
71.109,-7.666
25.899,-45.001
48.162,146.823
-7.046,146.169
6.856,-73.074
5.683,127.304
60.311,-145.996
51.405,-178.212
-54.388,5.187
45.956,142.666
-20.93,169.774
27.09,140.028
40.427,91.072
33.209,75.715
-7.955,-74.389
40.957,82.183
-5.693,147.27
1,126.257
-1.183,67.373
-17.51,-172.854
-16.512,-173.764
41.848,141.106
-21.892,-174.938
-55.411,-28.084
31.699,100.017
-6.554,147.435
6.663,126.842
-26.129,70.968
39.026,141.469
37.04,141.515
11.534,-86.473
-63.324,-62.363
-30.224,-177.193
6.779,94.288
17.082,145.695
-39.583,176.572
-11.059,164.404
-22.153,-69.015
3.586,126.295
-7.319,-13.314
18.112,120.708
-5.725,152.837
27.54,-112.451
-16.568,28
37.036,141.57
-32.875,179.664
1.851,126.214
-56.104,-27.42
15.309,-61.314
-6.092,147.037
-6.119,148.658
5.947,126.318
-11.17,161.593
-41.853,-83.5
-41.985,-84.239
36.639,141.981
36.618,142.017
11.959,122.476
44.513,-110.491
7.25,-34.396
7.46,-36.255
-4.844,131.934
34.431,25.25
-21.399,-66.536
-57.379,-26.668
29.595,130.514
53.965,161.735
-52.459,-72.036
33.32,68.109
5.828,127.104
-22.325,170.318
-15.608,-175.818
-17.932,-178.407
40.886,140.306
-9.863,150.353
33.354,57.376
-0.079,129.302
-55.793,-28.319
11.998,122.501
35.608,69.702
44.575,149.163
-2.349,100.807
-20.21,-177.981
-14.062,-72.794
-4.083,-104.105
25.197,98.579
36.325,70.64
14.386,-91.951
41.045,82.312
53.643,161.804
-5.944,130.649
19.679,-109.357
43.079,146.138
42.705,146.291
42.911,146.456
43.237,146.744
43.297,146.8
-35.873,-103.928
42.76,146.615
28.872,103.749
13.763,-90.935
6.586,126.626
57.993,-137.884
-44.516,-76.207
-27.155,-71.141
-26.031,27.425
40.194,142.535
-27.006,-71.121
15.914,-60.708
-27.03,-71.046
-24.074,-177.371
30.824,142.097
51.972,-176.102
-27.134,-71.169
-10.149,117.22
14.925,119.855
6.317,124.022
-2.219,137.933
-5.4,146.899
-9.252,156.088
-31.519,179.61
7.144,126.788
10.472,93.893
-59.283,-18.083
-17.223,167.849
-6.798,154.97
45.307,150.054
19.577,-103.519
-26.525,-114.562
-35.863,-179.855
-26.777,-70.877
-26.556,-70.498
-13.745,66.187
-10.764,165.785
-7.199,-80.772
-26.791,-70.894
40.26,-124.233
-58.252,-24.925
1.735,66.792
25.444,65.655
23.191,100.944
12.651,-88.507
2.134,126.699
-4.958,151.256
0.598,-25.347
-3.657,135.374
16.444,121.977
36.512,139.613
-26.099,27.699
19.497,121.571
51.742,-173.676
-18.099,-178.417
24.177,141.544
-23.036,-67.94
-20.955,-178.852
61.096,-147.414
-23.771,-179.78
-16.087,-172.489
-4.35,130.224
19.467,-108.49
33.175,86.723
-2.505,138.387
-4.113,102.388
44.429,-129.312
35.104,134.434
6.324,124.059
9.832,126.156
-15.043,-173.705
11.626,125.092
8.437,126.481
-4.417,134.49
-14.752,171.466
36.423,70.767
37.025,71.481
-55.353,146.003
-43.93,-82.292
5.406,125.753
-26.015,27.373
23.9,121.628
11.963,142.806
10.527,-85.108
-20.968,-67.998
-14.253,167.26
-55.505,-28.102
0.825,-29.206
-4.002,127.598
-18.311,-178.075
-33.123,-71.987
30.688,131.936
-32.691,-179.741
-24.136,-176.452
16.455,145.967
-7.033,129.507
17.946,-106.183
0.023,123.714
29.001,142.407
-33.093,-179.101
9.121,123.934
-10.941,165.95
42.816,145.307
13.691,144.631
-58.76,-61.892
54.119,125.839
-5.643,147.192
53.871,141.417
18.679,-100.585
-5.931,153.563
-10.747,164.696
3.993,125.689
-16.117,-172.587
-59.323,-26.239
6.019,93.976
-22.098,-179.526
35.575,27.685
-5.92,151.628
49.602,151.209
-17.735,-178.732
29.261,69.773
44.459,148.782
38.888,141.916
-3.607,28.186
13.452,121.015
-20.067,-178.417
-55.107,-26.458
38.458,-28.308
36.14,4.408
-18.777,-69.163
-9.228,121.065
-55.921,-28.703
-55.771,-28.486
-55.768,-28.295
-15.012,-173.958
-21.755,170.376
13.593,57.347
37.758,21.341
-4.832,144.108
-16.808,28.367
25.581,63.895
51.774,176.258
14.773,-45.089
-35.47,-179.274
6.432,127.088
32.712,68.347
-23.439,-175.643
-15.087,-179.133
34.948,140.843
29.49,68.595
34.878,140.946
36.105,139.77
18.592,-104.921
-5.394,152.921
-19.277,-175.934
35.817,73.289
-19.279,169.6
-1.642,128.944
-15.565,167.175
13.916,145.061
11.4,126.698
39.835,77.244
-17.575,-172.694
4.631,-76.028
2.564,66.29
-5.434,126.643
-20.051,-178.306
-16.669,27.943
-2.544,152.926
-2.05,-78.187
-23.899,-179.967
49.411,155.618
4.063,126.494
6.822,-73.003
-1.748,99.664
-13.386,166.927
-21.997,-114.069
49.983,156.786
36.475,71.52
-30.967,-178.999
0.111,123.377
6.835,-73.042
-21.675,127.473
-8.223,118.054
-26.005,27.93
-40.799,173.724
52.816,173.817
35.484,139.919
24.323,123.556
-6.896,129.421
44.429,-110.391
11.673,42.83
5.816,124.041
27.091,61.557
14.72,146.804
45.854,151.118
-39.62,-74.627
51.416,-178.438
-2.905,119.683
11.822,122.311
-19.88,179.771
-14.606,-76.09
-58.305,-13.897
-4.613,134.556
27.672,104.073
30.742,49.832
-10.168,161.084
7.087,126.985
23.505,143.224
-45.804,34.995
4.993,-77.96
-17.96,-178.307
-19.806,-173.828
53.929,160.493
19.011,-104.76
79.403,3.084
14.75,55.668
-22.002,-179.451
-18.15,-174.954
-1.259,67.486
-16.1,-172.081
20.296,121.29
37.17,141.403
-21.33,-177.927
-3.26,146.156
51.339,176.301
-23.447,-179.9
-17.338,167.793
-6.539,147.301
0.639,121.914
-3.38,147.027
44.062,151.664
-17.464,167.651
39.419,95.41
11.583,95.07
36.403,70.798
53.526,161.443
53.479,161.544
51.748,176.374
42.84,145.952
42.93,146.463
43.127,146.004
-17.626,-178.877
2.007,127.136
42.972,146.635
43.107,146.747
-52.514,26.709
29.995,50.461
43.132,146.791
53.157,159.763
40.57,79.214
-2.488,138.783
29.139,103.608
-19.867,-177.624
49.519,-28.516
31.062,130.2
12.187,125.236
-27.447,-70.907
-27.006,-71.047
13.935,144.958
43.416,146.396
-16.611,-174.83
-58.939,-25.368
43.666,147.188
58,-138.003
5.154,125.835
-5.553,147.221
55.078,160.995
-19.616,-175.074
20.037,121.395
-23.439,-68.262
21.826,121.293
30.751,-113.468
-39.08,-15.743
-8.685,160.815
-5.519,154.39
-7.303,154.484
-8.773,160.798
53.208,-169.784
42.502,145.745
-19.009,168.646
34.045,141.444
31.773,50.936
13.474,145.286
-4.363,134.378
43.525,146.808
-18.071,-178.536
19.614,-109.157
-19.684,-177.902
39.39,143.252
-10.245,161.077
-26.879,-70.971
56.23,-154.245
33.2,140.81
12.667,-87.973
57.248,-154.012
-34.802,-15.295
-31.624,-71.184
36.002,70.471
51.642,-173.693
14.215,145.653
2.605,126.717
-18.158,-63.525
13.221,50.676
1.913,99.151
42.891,145.301
9.873,126.15
-41.783,-83.495
5.795,125.706
-21.122,-179.202
-17.354,-172.766
43.409,146.719
-33.064,-72.121
-31.685,-71.684
9.725,125.617
16.327,122.337
-10.572,163.247
31.693,99.764
12.788,126.09
29.719,-113.473
23.276,143.116
5.086,-32.688
19.337,-104.912
6.843,-73.076
-22.151,-179.64
-21.168,-178.687
-16.798,-177.109
33.062,75.731
-13.483,-72.356
11.691,126.125
-33.743,179.411
-2.371,127.961
66.949,-19.217
-57.979,-25.192
7.255,-74.345
-17.89,-70.678
3.791,124.37
39.076,20.462
-23.264,-66.551
-55.319,-29.469
6.473,-82.527
-10.716,-79.162
-4.671,126.82
8.945,126.23
43.152,147.325
-20.18,66.375
-10.563,-108.121
32.013,54.477
52.523,160.878
-1.347,100.629
-39.997,-72.918
-22.102,-113.412
-26.377,27.461
-5.892,145.572
-56.112,-28.954
-55.66,-28.441
33.009,86.723
14.497,-89.995
4.019,127.893
-55.696,-28.078
-55.669,-27.876
37.1036667,-116.0266667
37.08,-115.99
-3.759,151.679
-22.354,-69.31
53.341,-162.36
5.266,36.849
39.514,73.673
27.107,140.031
33.367,140.816
-38.02,-73.388
13.719,146.705
-11.807,166.447
57.052,-153.942
-7.599,-148.114
-7.651,-148.052
-33.34,-178.315
34.868,140.879
-7.575,107.262
40.409,90.96
-26.041,28.13
-13.574,167.056
23.948,123.438
-4.033,-80.534
-25.354,-176.133
13.497,125.189
1.546,126.419
31.312,100.627
-4.05,142.899
-18.393,-69.084
2.642,66.334
53.77,-158.898
-5.429,126.696
31.678,100.018
-52.801,9.883
40.827,74.143
31.666,100.062
-16,168.398
-10.927,164.414
-5.221,151.557
5.825,125.814
-1.685,99.668
50.407,157.242
50.178,156.717
-23.276,-175.419
-2.082,-78.207
-18.956,-69.083
-15.892,166.711
27.742,139.861
-5.593,147.344
-27.988,27.055
4.276,95.568
-15.385,-172.702
-19.979,-178.301
32.05,49.345
73.616,8.617
32.051,49.401
16.415,145.488
-15.084,-175.182
-22.142,-179.651
-0.039,-91.189
48.569,153.673
51.183,-179.236
-5.468,151.275
29.541,130.287
21.624,98.323
-9.165,111.098
51.414,174.065
-21.279,-179.081
-26.176,28.164
-15.008,167.296
-7.266,147.085
6.505,126.688
11.645,42.931
-4.282,102.911
-7.672,118.654
-17.055,-72.495
43.484,147.607
2.055,126.642
-5.655,154.45
-8.487,32.189
-5.543,146.483
16.093,-95.424
16.912,-100.262
-4.473,135.056
36.413,70.844
-17.843,-178.538
-18.279,-175.583
-14.551,-76.291
-14.106,165.954
-32.867,-108.917
-32.937,-108.922
-28.757,-108.651
-33.284,-179.13
-6.384,144.296
3.916,31.175
40.63,143.522
4.754,-78.047
-26.291,27.662
43.618,-127.134
25.666,125.09
-19.827,-177.66
29.304,68.688
43.944,148.428
4.868,-78.487
2.32,126.551
27.301,55.523
4.574,-78.306
-2.102,-78.816
50.43,157.302
4.424,127.585
42.005,142.131
37.259,71.738
35.496,57.755
57.546,-32.99
60.973,-152.44
47.508,152.373
-9.17,67.206
25.536,66.498
53.204,-161.281
-23.106,-176.067
51.276,-179.679
-6.735,153.403
41.126,82.088
-17.285,167.522
-17.498,167.749
-55.604,-27.995
-17.601,167.661
-11.594,166.513
-7.018,154.845
36.746,71.304
-6.648,154.868
53.651,161.81
-61.112,154.243
42.858,144.64
53.518,161.458
42.61,146.001
42.902,145.324
42.968,145.496
42.759,146.78
-21.106,-179.309
27.857,142.104
42.375,145.801
42.793,146.265
43.183,146.404
52.239,174.107
43.592,145.991
42.538,145.955
-18.94,169.432
-27.029,-71.123
-27.173,-71.297
-5.307,68.618
-27.131,-71.368
11.637,-87.291
-4.557,130.009
-22.057,-179.37
21.487,-106.596
-13.479,35.126
43.557,146.773
-32.382,-178.167
-26.784,-71.133
-13.506,166.561
29.604,89.088
3.904,126.199
54.767,162.42
54.74,162.359
42.836,145.473
-6.199,147.866
-26.676,-70.979
-9.357,-78.825
-2.291,137.803
-55.841,-27.778
5.525,127.444
-26.656,-70.578
36.363,137.115
0.931,99.465
-21.415,-69.88
10.082,57.477
51.382,-176.614
-41.233,-85.034
53.99,-166.443
28.012,52.939
27.902,52.712
-8.324,156.48
-24.255,179.957
32.477,141.652
-15.729,167.129
51.704,-173.423
-2.113,134.011
51.295,-179.228
-15.453,165.963
-29.205,-178.535
38.491,39.621
15.052,119.69
63.873,-22.142
-22.54,-175.403
-6.833,155.333
24.888,122.026
-26.74,-177.313
28.868,103.561
43.765,145.973
9.86,126.226
43.486,146.583
-20.52,-174.883
33.854,72.154
13.342,120.793
4.508,123.245
-35.899,53.373
-6.242,153.973
6.376,123.98
-16.187,-73.42
15.291,-94.373
-12.656,166.696
9.987,126.136
35.921,73.351
10.144,126.729
-17.661,-176.942
-26.839,-71.099
-33.077,-72.086
35.858,73.316
-15.974,-172.781
8.983,-61.105
-25.114,179.791
-17.44,-69.5
7.431,-35.171
-4.527,150.09
29.712,-113.38
12.016,-43.658
41.877,142.279
4.985,-32.62
5.047,-32.578
4.678,-32.57
-8.886,110.728
52.893,-171.224
7.496,-77.245
20.036,-62.881
-33.232,-71.909
45.689,26.496
-25.703,179.624
-21.69,-67.451
35.599,140.745
20.928,93.215
32.664,48.214
32.647,48.243
19.508,-69.62
33.123,140.695
-15.586,-13.643
-6.775,155.042
-22.342,-176.847
13.975,-89.558
6.935,123.349
-4.377,143.3
32.695,48.311
28.984,142.257
-20.588,-174.274
15.927,119.207
17.471,-106.001
-15.52,-174.849
-6.903,129.369
36.193,4.466
-21.451,-174.17
-55.716,-28.728
-6.761,106.587
-55.798,-28.105
-12.279,167.01
-23.24,-66.645
-55.7,-28.25
37.123,-116.0585
-22.161,-65.792
36.085,71.308
1.548,126.305
13.466,120.832
39.119,72.097
5.872,127.313
-12.733,166.369
33.098,48.256
17.279,119.968
-6.237,151.802
32.641,68.332
6.354,126.882
8.97,-84.026
59.705,163.16
-4.374,143.486
-17.536,-178.724
-26.272,28.126
32.786,68.365
34.885,140.789
-27.459,-71.612
-6.987,149.976
-1.196,-24.117
-10.108,161.063
-7.138,149.99
6.845,-73.058
50.922,157.201
-5.183,-78.424
-26.387,28.388
-10.312,-13.098
24.272,121.751
-22.293,-174.863
16.256,-98.916
-14.8,167.39
36.487,70.82
56.062,163.552
-15.139,167.141
46.996,153.817
6.713,126.916
15.329,-95.256
37.648,86.426
33.362,140.502
-5.541,147.138
-11.052,164.431
-20.411,-68.779
-10.891,164.293
-9.153,-77.569
4.068,126.348
-17.707,-178.863
5.991,126.756
21.028,120.161
52.607,-168.061
-5.665,146.446
-25.309,-68.209
-9.273,124.92
5.62,126.787
-22.362,-68.634
66.736,-130.004
51.555,161.632
-6.741,128.384
35.455,70.315
21.641,126.328
21.411,144.648
24.53,121.972
-21.867,-179.532
40.759,143.069
50.179,157.053
11.613,42.927
-23.451,179.769
30.485,83.68
-40.72,-74.683
-12.371,166.863
-19.981,-176.452
6.871,91.383
45.978,-27.67
-20.399,-176.323
-6.655,153.753
-20.12,169.211
-4.157,135.137
4.819,-76.38
11.943,43.789
-5.462,151.28
10.711,-84.763
-60.613,-25.549
-4.319,134.287
3.998,-31.508
12.576,124.96
13.482,-90.028
-32.815,-108.796
42.635,-107.85
29.447,129.884
51.129,-179.841
4.815,-78.192
4.953,-78.151
4.604,-78.31
-26.123,28.196
5.03,-77.956
56.841,161.712
36.227,141.417
51.595,177.786
12.131,143.636
-10.358,161.836
4.707,-78.55
36.154,140.063
7.158,91.304
16.568,-116.076
15.888,119.559
-12.198,65.766
-9.486,-78.621
15.058,146.847
-4.773,152.476
37.778,141.848
-17.697,167.603
16.895,-99.292
-4.972,-11.643
45.459,150.675
24.857,142.706
-2.539,65.152
73.714,9.547
-17.453,66.495
-57.872,-25.384
-22.266,-68.582
55.014,163.975
-17.607,-179.047
26.31,-110.665
-6.488,150.414
-2.304,127.841
25.099,68.071
-15.366,167.523
54.036,-164.041
-6.184,151.866
-9.498,159.195
45.412,151.017
-16.49,173.168
-8.972,-109.722
36.148,140.003
5.079,-72.754
-19.995,-70.096
53.64,161.632
41.607,139.211
47.569,15.332
45.317,-70.908
43.034,145.872
-26.494,-64.878
53.569,161.421
43.49,146.161
42.953,146.946
42.961,145.949
43.477,-126.6
42.628,145.825
42.715,146.198
3.233,-84.28
-15.319,166.311
-19.638,-174.321
43.141,146.692
16.406,122.434
34.338,26.134
40.559,89.532
-18.212,-178.565
49.18,156.162
-3.811,131.379
21.642,143.098
17.197,-71.677
-29.727,-177.628
-6.075,152.715
-27.021,-71.191
11.962,-87.588
-14.992,-177.931
52.487,-168.255
-27.084,-71.169
-27.141,-71.397
54.477,158.407
-3.368,149.11
-25.304,178.307
-12.422,166.651
-27.03,-71.232
49.115,-127.84
33.095,75.496
-26.778,-71.166
43.225,146.364
-22.284,-173.953
-3.154,129.925
-58.765,-25.024
52.436,157.263
-18.874,-178.204
4.799,-82.573
31.899,131.805
27.256,97.092
-21.48,-68.037
37.329,56.519
54.631,161.961
7.393,-81.857
-38.227,-71.911
43.402,146.291
54.198,-162.619
43.38,146.45
-28.907,-13.12
15.74,-94.624
-26.565,-70.863
-52.777,-118.236
36.437,70.845
46.411,152.683
-3.844,-104.036
13.198,144.89
-19.734,168.112
10.568,138.574
51.696,-173.691
-45.186,-76.749
-21.233,-68.522
-29.461,-177.842
31.999,50.904
-7.554,128.276
38.031,42.698
17.008,145.128
33.502,130.567
4.398,94.915
-27.832,26.84
-10.417,161.174
7.009,-82.593
26.998,92.527
-10.916,165.469
45.945,149.465
-0.907,121.246
36.521,51.109
44.493,-129.41
52.496,172.107
9.831,126.85
9.36,124.801
-60.349,149.988
-10.076,160.925
-22.211,-176.362
50.121,-179.126
45.754,151.714
-32.953,-71.946
-33.139,-72.029
-33.175,-72.093
16.198,122.169
27.751,93.35
19.333,-155.283
19.333,-155.283
42.513,145.804
-17.126,-72.788
49.342,154.796
29.81,-113.424
-17.551,-179.151
42.342,145.771
34.751,26.231
-32.781,-179.699
-32.469,-179.797
-32.533,-179.751
-6.781,147.974
53.776,-163.051
-15.097,-176.523
-8.567,-78.367
48.423,146.316
59.106,-135.367
53.656,55.375
45.327,149.984
71.297,51.875
-7.26,129.378
5.893,127.513
44.385,149.671
-29.196,-177.464
-23.832,-179.934
25.723,91.603
51.398,-176.57
52.459,160.823
42.627,146.435
-23.855,179.036
-15.252,-173.547
-32.553,-71.854
-5.929,-75.164
10.844,-85.78
39.343,-123.363
32.626,48.289
54.217,169.334
-33.243,-71.853
-25.513,-176.195
39.423,23.963
-8.629,-74.445
-3.011,-12.063
-55.696,-27.919
-20.884,-177.746
-55.848,-28.246
-55.748,-28.45
-24.816,-179.761
-24.175,-179.749
-20.567,-177.848
37.791,138.296
37.883,81.457
-55.75,-28.464
-3.257,146.152
45.479,18.704
42.855,145.435
-8.901,-109.622
71.33,-7.551
39.043,72.572
0.683,-80.018
12.276,144.59
33.149,140.708
49.346,155.476
-21.878,170.368
-20.147,-179.005
-24.359,-177.262
-6.972,129.94
52.001,-169.781
51.738,-176.983
40.387,91.055
-49.593,-31.848
-5.992,-106.779
33.136,140.691
-6.893,150.091
-20.762,-69.646
-1.44,-77.621
35.821,22.101
-7.022,149.845
18.683,145.436
18.187,-97.047
18.286,-102.882
-0.628,-91.48
-6.149,153.223
0.304,-17.77
51.374,-179.029
41.831,-126.758
-6.862,-12.274
-23.369,179.967
-55.542,-26.674
-30.382,-177.3
-30.211,-177.461
-6.341,149.571
-15.179,168.229
23.341,142.617
-30.343,-177.058
-11.362,164.503
3.981,126.516
9.845,-83.493
-10.885,164.474
9.606,-84.229
52.456,-168.7
15.216,145.185
3.821,125.814
41.81,-118.457
-29.385,-176.788
2.334,126.736
13.821,-91.266
6.187,126.963
50.702,156.761
6.201,127.056
-15.021,168.186
-9.388,161.001
-5.168,151.052
35.908,21.782
18.591,145.615
-38.147,-73.266
52.915,-166.737
8.917,-39.676
40.301,-125.944
53.317,169.893
-27.452,-63.143
45.971,151.123
-17.661,-178.561
-27.947,-68.932
-23.551,-179.73
-8.706,112.59
11.819,42.794
54.967,161.61
19.227,-64.289
19.282,-64.171
-32.391,-72.129
-6.795,-12.008
35.634,69.559
-16.544,28.043
11.708,123.202
43.657,147.676
43.604,147.733
38.214,74.157
51.591,-173.348
11.69,43.021
41.495,19.978
36.448,71.306
13.159,145.336
12.267,-86.553
12.005,93.019
51.08,178.101
7.566,95.054
39.09,16.961
41.77,77.545
-7.183,30.274
-14.649,-76.268
-18.341,169.434
-18.59,-175.514
9.142,-74.256
-59.951,-27.604
4.941,-78.297
-31.667,179.697
-10.02,152.337
-10.152,152.344
-6.937,-80.213
15.416,-92.696
-25.39,179.893
-25.16,179.387
-1.939,126.234
-30.052,-71.692
31.121,-41.401
-6.388,130.42
-10.863,164.535
32.99,103.973
-28.03,-71.08
-3.779,151.919
-17.76,167.551
-17.743,-178.493
16.778,-98.907
-20.679,-178.593
63.07,-150.951
-14.972,-177.446
13.104,143.145
-20.675,168.508
28.227,56.171
-45.059,-79.849
-5.817,151.266
-17.361,167.698
38.385,142.238
39.745,74.831
-17.449,167.618
41.532,-127.048
29.775,141.371
14.07,-91.852
35.804,140.087
20.822,122.024
27.775,52.052
-25.823,-177.426
46.571,-27.471
18.501,121.1
53.553,161.421
53.621,161.487
43.488,146.455
43.015,146.418
43.419,147.126
42.674,146.174
40.035,145.671
-25.467,-67.244
22.777,122.004
-37.074,176.795
42.852,145.779
19.827,121.271
-2.358,101.343
42.669,145.418
-23.743,179.872
-23.863,-68.83
-0.53,123.32
52.509,172.046
-27.131,-71.122
52.069,-171.364
-7.433,104.54
-27.195,-70.902
-27.222,-71.234
-27.2,-71.235
53.813,160.444
45.288,148.326
-26.998,-71.052
-8.775,122.168
-26.655,-70.646
-44.924,-81.829
-10.239,-79.327
37.898,21.072
-24.227,-65.063
-11.192,34.447
43.23,146.839
60.234,-151.76
73.782,8.57
-6.199,150.709
50.744,-171.638
52.312,-174.753
-19.235,-177.68
13.39,144.391
43.167,146.332
-8.71,160.797
-4.459,-105.983
5.984,127.179
-28.165,-70.142
58.002,-137.895
38.577,73.588
-27.055,-71.134
-26.898,-71.058
-22.419,-67.25
54.822,162.387
-11.088,166.153
-5.685,-77.101
40.822,15.389
5.648,126.883
29.941,68.432
-15.076,-174.114
26.417,95.472
-21.672,-179.874
60.069,-147.161
15.84,-59.684
-6.369,154.902
27.605,140.642
51.752,-173.489
-15.975,-76.572
-17.862,-69.434
-22.939,-66.611
51.307,-175.942
6.806,-72.994
30.169,68.105
-4.231,143.274
-13.307,24.123
42.636,75.194
39.472,143.183
0.343,98.059
34.482,139.404
-32.485,-71.635
57.317,-154.104
19.139,121.253
30.163,131.105
63.867,-22.353
-21.578,-68.701
33.309,137.664
9.76,126.155
19.255,121
9.928,125.841
50.246,178.403
18.83,145.592
10.353,-62.494
23.763,121.69
10.477,-62.004
44.432,102.617
43.424,146.694
37.748,142.053
45.737,151.746
-21.221,-67.614
-32.992,-71.834
-33.126,-72.01
-26.878,-70.925
-33.141,-72.055
-10.644,163.22
11.216,143.575
28.593,142.312
-31.795,-72.062
30.203,-113.287
-17.992,-178.739
29.434,-113.61
5.026,-32.63
-32.699,-179.644
51.182,178.575
17.358,-93.799
44.092,148.952
44.071,149.106
41.654,143.733
4.965,-32.583
35.581,140.709
-17.991,-69.804
56.037,162.906
-6.559,149.398
-20.365,-177.732
9.793,-78.64
-18.082,168.805
24.631,62.139
14.351,53.318
66.987,-19.326
66.837,-19.332
19.189,121.054
51.698,177.779
1.508,-82.614
-5.709,147.485
-0.272,122.912
37.943,42.814
14.447,-91.38
43.417,145.334
31.746,138.372
35.49,27.663
40.728,78.749
37.226,72.188
-18.125,-178.387
35.369,27.582
-11.307,166.353
-8.408,127.937
-6.637,-75.166
42.963,146.277
-55.68,-28.441
-3.279,146.248
35.799,-83.962
32.896,-116.2293333
37.1398333,-116.0831667
18.923,-104.127
19.238,145.399
17.661,-94.425
14.325,-98.122
-5.385,142.394
14.812,-45.091
-14.213,167.24
-15.587,-74.262
-21.226,-177.491
34.868,99.56
-22.721,-66.123
-7.623,-148.345
34.975,140.91
28.158,139.891
-5.482,153.339
58.301,-151.759
-30.805,-71.5
13.826,144.638
34.311,25.062
-19.738,-177.989
-5.549,-77.084
18.944,-103.376
16.83,-60.946
-21.482,-68.502
-7.393,68.767
34.999,141.329
15.181,-60.457
-25.539,-70.572
40.705,74.135
38.381,20.133
-0.497,-16.164
-5.542,-80.91
-29.822,-177.562
-20.599,-176.907
50.069,-178.048
16.141,-97.009
13.82,120.814
-30.321,-177.381
-5.531,110.198
6.882,-72.993
-23.677,-111.722
-32.679,-73.003
53.574,169.571
-30.363,-177.125
14.504,-90.977
-2.255,-78.349
13.801,144.567
-11.023,164.713
19.382,145.365
39.971,20.103
1.364,-29.516
24.115,-108.89
29.523,51.152
40.232,78.862
50.745,157.079
12.705,-88.027
51.879,-179.297
18.493,-105.006
49.979,157.069
-23.877,-66.605
4.126,126.693
73.748,9.198
14.889,-60.652
-5.892,151.35
-19.635,-68.841
2.577,126.923
36.665,140.974
-5.363,153.13
-16.132,-173.703
-22.069,-114.093
53.449,169.829
-23.315,-67.985
51.356,174.036
11.819,42.698
44.361,-110.355
31.445,141.842
-11.284,162.506
14.685,-94.647
-34.059,-14.741
-19.952,-68.988
21.796,142.971
12.253,46.423
43.227,147.813
13.646,120.749
5.969,125.879
11.783,42.847
3.682,-82.487
-8.097,158.331
6.56,126.449
34.38,139.948
6.627,123.529
13.045,142.946
34.846,25.046
-16.766,28.163
38.579,70.772
-15.724,-173.999
-17.789,-172.514
-17.816,-173.253
26.835,55.443
4.929,-78.18
4.883,-78.112
4.9,-78.463
-3.753,150.98
-10.827,-76.45
38.709,33.004
4.587,-78.146
34.642,-4.073
50.993,89.734
-6.179,152.88
28.202,51.904
4.945,-77.876
33.341,57.384
36.368,70.367
-30.855,-71.378
-31.442,-68.737
-32.205,-71.291
-11.009,166.315
12.125,143.731
19.804,-75.399
51.701,-176.684
27.451,129.334
51.727,-175.415
-33.156,-68.751
11.474,-87.266
-8.467,-73.966
-15.261,167.502
-25.986,-70.97
-22.338,-65.917
-20.843,-178.608
46.643,140.847
25.677,-45.57
23.208,121.507
-22.481,-70.163
42.377,18.645
14.472,-92.052
-4.503,143.564
26.462,61.115
26.58,61.028
-4.666,-77.225
53.135,160.006
3.518,124.272
-1.365,67.305
14.203,-91.402
39.786,143.312
36.928,71.38
41.551,142.462
35.935,140.12
40.987,82.041
43.206,145.83
42.658,145.989
42.334,145.692
42.963,146.156
42.738,145.947
42.733,145.618
43.284,145.969
-5.263,150.644
-28.504,-176.648
42.701,145.057
43.012,146.177
43.109,146.397
43.258,146.796
53.954,-35.157
-1.059,126.725
-36.485,-101.076
32.342,99.965
6.079,125.575
49.775,-28.429
37.774,72.171
58.057,-137.731
-41.691,-16.146
-41.624,-16.386
58.014,-137.854
-27.661,-63.243
-15.726,-73.665
-21.504,-177.945
-24.034,-116.016
48.191,154.966
2.352,126.838
57.926,-138.06
-22.901,-70.597
-27.952,-176.385
-5.651,151.456
17.629,-81.599
33.2,75.568
52.653,172.137
-36.07,53.071
41.351,142.789
-22.519,-179.477
12.526,125.293
-5.123,153.307
36.219,140.019
-21.431,-67.874
-26.892,-71.099
-26.824,-71.077
36.503,140.648
30.869,101.06
52.595,158.793
43.01,147.635
0.77,-29.714
31.056,49.996
18.268,120.764
51.534,-178.045
-26.834,-71.089
33.153,140.567
-26.847,-71.044
26.929,141.242
41.749,19.388
33.838,141.692
-19.172,-173.177
-10.835,165.92
72.352,1.689
-26.847,26.77
51.322,-176.646
-17.65,-13.538
-18.811,176.159
36.82,134.614
36.368,71.202
-30.257,-72.698
-14.049,166.517
-6.223,148.792
-32.22,-71.117
51.285,-179.258
43.471,45.47
43.727,-127.479
51.909,-173.71
-56.185,-27.137
-28.328,-71.131
43.953,148.334
51.099,-129.876
45.795,26.481
-21.308,33.368
39.89,143.542
39.451,143.47
40.743,20.986
-9.833,151.903
38.263,70.374
42.996,143.87
-37.8,-73.645
38.536,20.086
-23.83,-175.235
-18.076,-177.942
30.452,59.865
-22.111,-179.734
12.364,142.636
40.125,142.311
-32.515,-71.687
37.195,-121.575
-32.895,-72.015
-32.947,-71.875
16.212,122.361
-5.422,146.776
16.118,122.356
-25.034,179.644
55.647,162.205
6.857,-73.005
29.75,-113.261
34.877,141.564
34.728,26.179
-14.671,167.269
5.055,-32.647
19.488,-64.435
-26.913,-70.946
-60.103,-57.827
18.76,145.507
48.337,146.199
41.536,79.455
-35.68,-71.039
4.934,-32.64
17.114,-46.298
5.185,-32.848
61.57,-140.435
-8.338,-74.337
-21.092,-178.156
52.608,-175.09
6.766,-72.962
12.417,-88.307
41.513,142.073
14.636,-90.219
19.271,120.71
18.032,-94.248
-18.126,-178.358
6.936,123.401
42.414,142.666
-4.365,154.134
-31.98,-71.245
31.882,129.226
-23.596,-67.97
30.201,-113.096
-18.217,-173.384
25.14,122.591
-55.781,-28.205
-55.696,-28.119
-14.937,-176.125
41.577,142.038
34.443,91.57
3.521,-79.199
31.709,71.971
11.034,-61.884
-56.055,-28.937
-55.607,-28.43
13.317,-94.543
40.978,138.198
71.529,-5.754
41.305,-29.272
14.994,120.158
33.475,140.866
33.273,140.926
-24.193,179.547
12.174,-76.865
-13.857,168.942
-5.608,154.362
-6.854,30.302
-4.872,151.554
-15.713,-75.082
-6.812,154.622
35.144,22.56
-30.309,-69.401
11.035,-73.406
32.729,68.379
34.972,140.705
-10.349,160.894
0.024,-91.206
-12.106,-77.293
-6.528,106.965
-17.549,-178.869
33.213,141.054
42.895,82.07
59.399,-143.316
50.468,156.426
-27.917,-66.441
-6.264,152.152
38.427,20.01
35.544,71.013
31.893,56.122
-21.053,-178.005
-31.435,-71.753
-18.129,-178.662
-30.458,-177.589
52.764,-163.888
-30.423,-177.417
40.191,33.852
34.411,23.839
29.01,142.081
13.214,119.651
44.887,141.097
-17.979,-178.663
-19.163,168.72
2.283,126.73
53.608,-164.341
49.837,157.299
-14.935,-71.126
-4.226,-80.633
-14.699,-71.155
-31.701,-68.229
27.686,33.644
37.907,70.094
18.848,-104.842
-37.177,-73.699
38.47,93.556
31.882,49.138
18.613,145.532
32.019,49.358
10.73,-43.438
36.087,-106.168
59.415,-145.527
26.78,53.427
2.11,126.354
38.304,141.283
-4.501,133.16
2.095,126.439
44.363,-110.413
42.574,144.027
67.759,-18.556
12.16,46.192
43.513,147.756
43.514,147.559
43.55,147.715
51.766,-173.48
45.967,-27.609
11.757,42.786
-21.103,-68.36
36.371,71.346
-36.568,52.042
-21.685,-174.444
43.506,146.757
17.229,-99.47
-18.562,-177.959
34.3,-112.617
38.241,26.841
35.177,23.395
-33.315,-70.856
64.629,-17.548
4.912,-78.324
4.924,-78.099
-3.8,151.307
4.735,-78.26
4.655,-78.287
33.392,140.943
5.003,-78.091
5.21,-77.901
-17.348,-178.515
19.727,120.904
4.803,-78.831
4.796,-78.472
44.003,148.361
-8.452,32.758
20.801,145.53
-5.528,153.176
-4.434,-105.012
39.391,71.034
12.124,143.698
53.539,-163.686
4.909,-77.585
39.018,29.229
41.896,-126.72
-17.807,167.875
-23.662,179.594
36.377,71.116
12.368,143.862
-5.112,154.59
-22.266,-67.611
6.833,-72.955
27.998,57.926
51.65,-173.282
51.647,-173.337
-22.341,-69.854
-36.707,-96.065
-24.192,-66.999
50.64,-129.8
51.578,174.61
-17.357,167.712
37.185,-116.2151667
43.417,-126.106
-6.403,144.221
-17.519,167.657
15.946,-97.913
28.089,52.081
25.99,-110.113
-5.487,150.101
46.193,16.093
53.768,161.686
15.04,-93.427
55.002,112.571
43.166,146.369
43.164,146.487
25.785,127.214
16.612,-100.6
43.165,146.326
41.068,143.714
42.92,146.282
43.543,146.952
42.749,145.734
4.897,-77.907
6.868,-72.978
25.71,130.856
40.181,142.235
43.209,146.409
14.29,-90.706
-18.158,-178.593
-17.244,-172.49
-56.245,-26.44
43.375,145.934
57.932,-137.693
58.068,-137.312
44.735,-129.395
-27.211,-71.284
43.066,146.525
27.253,127.456
50.15,156.259
-27.204,-71.269
-50.007,-113.908
11.842,125.488
-2.18,68.068
-26.871,-71.167
50.897,-129.707
51.695,159.439
-27.76,-177.103
8.024,-37.961
35.034,24.754
-30.516,-179.329
6.917,126.609
-52.612,25.882
-5.49,146.929
10.371,94.32
-29.474,-71.796
12.415,-87.407
40.882,143.167
-4.251,-80.49
37.147,141.617
16.53,-98.34
7,91.23
37.54,56.494
0.878,-29.844
14.318,-60.923
31.08,49.87
-26.79,-71.096
52.478,-32.38
-26.708,-70.882
41.521,142.47
45.105,-28.124
-19.875,169.622
11.379,121.3
6.862,-73.051
16.431,-94.752
-12.3,166.121
-17.953,-178.669
51.245,-179.211
51.107,-179.044
51.158,-179.312
51.706,-173.765
-29.649,-71.489
-5.228,152.441
16.907,145.43
15.387,120.521
42.752,143.148
-30.158,-177.609
39.474,143.303
10.902,-61.6
18.686,-62.481
38.97,70.555
14.646,-94.258
-15.438,-174.911
14.249,-93.476
14.693,145.365
-59.074,-26.132
44.593,-129.263
-23.358,-66.33
51.63,-173.867
36.544,23.971
54.722,161.77
10.095,126.755
-19.393,-177.661
-17.032,-174.416
32.599,141.315
-15.486,-172.267
-33.179,-72.063
-32.696,-71.857
-33.162,-72.196
45.661,151.654
45.792,151.734
28.507,142.222
-4.136,-76.235
-14.247,167.481
34.395,28.306
28.911,-113.449
-33.25,-71.982
13.262,-89.768
-31.979,-71.922
58.596,-31.865
-28.644,-178.601
40.11,142.417
-25.441,-13.722
5.039,-32.543
-18.334,-178.236
28.468,142.628
17.508,-105.957
-15.208,167.458
40.877,48.189
66.603,-19.878
66.911,-19.47
-6.884,130.423
-33.077,-72.101
13.233,-87.994
-8.745,-79.386
-1.396,-79.533
43.645,147.932
51.787,-175.31
27.722,55.518
19.25,120.728
-15.328,-74.023
-6.621,146.596
59.825,-153.255
41.979,142.594
14.165,-92.643
61.352,-138.975
43.473,-126.788
-16.632,-174.566
38.86,77.604
-55.816,-28.136
-55.761,-28.16
-55.774,-28.204
-55.825,-27.888
16.455,-97.978
18.706,-64.583
-56.304,-28.588
-24.251,-67.143
43.318,147.537
15.649,-94.613
37.32,29.63
34.4308333,-116.8533333
32.5973333,-118.1871667
13.897,-44.876
13.743,-45.266
5.535,127.205
71.585,-6.701
45.555,26.589
-23.534,-179.966
-19.249,-70.472
71.649,-5.93
71.326,-8.024
36.836,137.362
71.566,-6.871
31.191,51.281
-0.459,-77.957
-15.7,-70.344
32.751,48.011
32.824,68.287
-7.548,-148.349
13.7,-89.324
51.048,-179.206
-0.047,-91.222
0.127,-91.099
7.71,59.565
17.599,-105.263
-35.46,-97.039
42.373,-29.43
18.205,-105.86
71.558,-6.905
37.76,29.706
24.34,94.413
-30.292,-177.408
36.184,71.129
32.431,137.416
-35.773,-100.095
33.261,140.455
36.744,70.868
-18.249,-178.489
-17.396,-173.086
-32.584,-71.462
-35.871,-102.574
34.619,141.478
-11.159,-74.773
25.769,142.901
48.613,154.221
13.611,-90.687
37.535,29.905
-29.87,-176.91
6.866,-72.994
51.17,173.99
58.446,-151.075
26.015,-110.242
-3.814,-104.52
23.861,123.42
31.816,139.167
37.699,69.979
14.081,-92.197
-17.053,-73.651
43.633,147.555
-4.535,152.883
-22.166,-69.73
29.89,141.955
-20.655,-178.443
38.813,140.8
33.484,140.874
42.051,-112.525
-30.356,-178.141
43.471,12.465
28.246,53.48
44.545,-110.133
55.112,161.901
63.597,-150.946
38.379,143.013
2.814,-83.899
43.459,146.608
5.02,-78.15
5.076,-77.972
5.123,-78.192
4.836,-78.083
36.007,140.221
34.252,26.324
4.919,-78.16
-29.616,-68.65
12.322,-89.539
-17.85,167.649
29.93,131.612
36.471,-12.326
50.978,157.809
57.201,-153.186
4.83,-78.166
-25.027,-69.961
-4.385,153.47
-19.555,-71.223
-19.585,-71.114
13.681,145.122
16.865,-98.016
29.491,130.505
-17.777,167.687
11.711,-62.268
39.856,77.808
19.207,-108.313
57.55,-33.142
42.775,45.879
7.982,-83.022
51.921,-173.376
15.826,-96.587
60.161,-153.955
-10.379,34.294
-50.11,-6.886
-36.114,-100.7
-56.05,-25.271
33.264,140.403
6.023,127.115
-17.323,167.726
27.347,140.099
43.804,147.145
52.178,-170.191
22.363,121.105
22.416,121.007
-8.9,-109.555
14.409,-105.423
6.827,-72.999
51.425,-179.295
42.793,146.328
43.382,146.178
19.749,-109.222
-20.258,-177.978
42.973,146.144
42.938,146.52
-25.339,179.527
59.406,-144.688
43.768,145.707
-10.494,161.897
48.382,145.952
33.425,140.857
13.158,124.581
-15.53,167.129
43.241,146.346
24.152,95.035
-27.508,-176.771
38.522,49.532
35.304,141.287
43.503,146.413
-10.525,34.27
-28.255,-176.647
-21.981,-67.12
43.044,146.167
36.54,70.835
-8.639,160.906
10.457,93.276
-32.522,-67.994
10.586,94.064
36.081,31.358
24.139,125.124
5.963,127.045
-16.723,-177.75
-37.547,-73.077
42.357,146.105
12.14,-88.983
-11.191,166.186
42.82,145.393
52.398,172.106
75.063,9.872
-31.309,179.792
-9.54,124.996
-6.953,155.379
-17.572,-174.75
-14.013,166.598
-19.451,-177.966
-14.131,166.356
-15.474,-176.257
-2.485,150.855
-28.195,-177.052
-14.49,-175.875
-20.894,-174.087
39.324,143.161
34.443,139.377
39.584,143.152
-17.919,-178.725
50.32,-129.651
16.412,-61.805
36.68,30.141
32.731,48.359
33.114,140.64
60.731,-153.311
-18.119,-70.859
8.389,-73.156
40.322,-127.146
-33.101,-72.096
-33.462,-72.227
-33.035,-72.2
-33.099,-71.997
-31.732,-71.741
34.87,26.251
-10.85,165.302
29.981,-113.262
29.472,-113.658
52.381,-168.534
36.932,21.567
32.359,141.662
5.013,-32.62
18.09,-106.108
17.311,-105.719
-19.981,168.561
0.026,125.21
56.274,162.861
35.237,133.258
70.891,52.868
59.841,-152.784
66.747,-19.657
66.816,-19.537
67.301,-18.991
17.217,-26.615
41.728,13.869
18.104,-102.714
-21.147,33.161
56.837,-158.659
19.188,121.224
44.022,13.231
37.803,30.961
59.997,-153.511
-5.915,151.645
35.438,27.682
12.992,143.418
42.405,141.4
-55.694,-28.154
-55.671,-27.268
13.895,-92.694
37.1483333,-116.0858333
31.7808333,-115.854
38.221,20.165
11.603,-62.54
35.601,21.939
-10.886,162.425
71.274,-7.571
-27.847,-66.587
36.225,70.974
52.234,-169.594
56.138,164.065
52.166,-169.697
51.855,178.243
71.184,-8.218
-24.427,-66.628
-15.944,-174.028
34.985,140.852
7.841,127.044
38.171,19.548
38.182,19.873
33.154,141.101
42.691,94.28
-14.889,167.323
35.166,140.954
33.343,141.833
66.262,-157.48
35.04,140.927
43.756,145.112
31.404,141.831
37.845,134.354
57.074,-155.913
28.902,129.791
5.202,-78.104
36.341,71.236
-33.93,-69.968
33.162,140.444
-31.299,-69.174
37.798,139.793
38.32,20.278
62.997,-150.624
2.135,-96.066
38.666,98.684
-12.593,166.449
44.766,148.217
44.812,-111.122
51.352,-179.151
41.817,-118.671
41.844,-118.419
-22.595,-70.805
10.06,93.338
-24.304,-70.215
70.668,-13.123
9.76,-73.679
-4.267,152.801
43.684,147.862
21.937,142.786
62.218,-151.056
46.172,153.266
37.09,30.173
-32.251,-68.583
13.613,122.774
67.275,-161.044
36.314,-33.908
25.781,-109.529
33.454,141.742
40.924,142.766
68.166,-18.904
17.189,-101.279
-27.927,-63.256
36.589,141.922
-32.377,-68.689
44.224,146.998
14.875,146.622
43.825,147.637
27.878,52.515
52.085,158.602
33.077,75.673
-9.635,-78.97
34.486,24.247
10.26,-85.015
35.649,140.73
-21.255,-178.726
36.02,27.505
42.318,142.327
49.417,6.033
37.285,30.265
47.15,152.695
36.536,71.421
39.246,142.407
-28.946,-177.052
4.889,-78.086
4.882,-78.158
-22.521,-68.486
-5.862,153.285
-16.273,-176.613
76.604,-107.411
-18.324,-70.866
12.344,-87.949
-19.497,-71.216
53.569,-163.715
33.074,140.482
-19.965,33.467
38.612,70.353
-10.341,33.764
34.332,136.376
41.355,144.324
-34.165,-72.095
43.889,151.977
-8.356,32.68
30.333,131.129
-17.011,176.727
4.4,96.329
-12.636,166.453
40.118,142.361
51.741,176.251
-1.312,-77.792
43.23,145.793
19.119,-73.244
28.164,142.551
54.97,159.417
18.039,-100.456
55.971,163.748
34.215,26.191
-19.252,-177.916
42.929,145.61
43.167,145.76
43.26,145.713
42.892,145.825
42.932,145.348
4.026,-87.794
42.747,146.224
42.676,146.228
43.211,146.72
43.299,146.736
43.049,147.05
43.046,146.397
68.291,-135.242
43.266,146.874
28.322,66.921
36.649,141.526
-24.984,179.737
11.949,-87.541
13.663,-91.202
13.275,124.521
-21.854,-68.182
-27,-71.093
11.842,-87.761
-25.162,179.397
-26.962,-71.199
-15.203,167.914
56.256,163.712
33.143,75.585
14.855,144.258
42.629,145.561
-29.938,-177.892
-21.438,-179.011
79.749,4.679
41.261,142.843
-19.151,-70.15
19.373,-108.763
-3.868,-80.878
40.893,34.603
46.363,140.894
-15.964,-69.445
53.862,163.829
22.154,121.663
6.861,-72.984
-26.777,-70.872
-26.376,-70.926
36.241,141.188
-32.221,-179.965
14.185,93.698
32.154,138.04
11.943,141.367
36.439,70.736
7.309,-72.867
13.508,93.743
39.387,143.301
59.897,-152.845
-23.578,-64.797
33.535,132.3
39.486,143.23
33.68,132.647
39.343,143.468
-23.566,179.75
35.847,21.862
-8.213,37.141
-20.08,-178.424
18.715,146.181
40.629,141.627
51.449,178.934
17.782,-101.08
32.609,48.291
45.838,151.741
-32.801,-71.782
-33.119,-71.996
36.549,70.936
18.945,-64.513
-33.23,-72.094
22.205,144.818
30.048,-113.486
61.148,-59.318
20.625,-155.915
-42.676,83.692
52.358,-168.328
40.571,-126.25
-23.844,179.664
46.109,143.21
33.568,141.279
35.779,52.567
66.743,-19.337
66.826,-19.677
66.497,-19.293
66.495,-19.582
24.168,121.8
37.748,29.383
33.053,141.097
51.423,-175.441
41.135,141.815
38.971,70.744
6.895,-73.105
57.769,-153.297
-27.95,-66.318
-3.284,149.379
41.572,142.059
37.0048333,-116.0283333
31.5491667,-115.4788333
37.2003333,-116.2031667
36.6051667,-119.3075
71.567,-7.284
33.492,140.85
38.003,46.427
55.216,-159.939
6.839,-72.926
36.465,27.217
14.714,-45.187
10.663,-62.644
-6.832,154.744
5.114,-78.458
0.489,125.478
57.08,-152.473
54.277,-162.755
28.186,141.586
33.228,140.776
33.321,140.669
28.133,139.066
36.861,141.005
16.211,-97.515
33.15,142.328
35.096,140.834
-14.421,167.28
-32.679,-71.779
38.279,20.34
39.064,28.919
35.695,23.924
-27.349,-71.983
19.34,-108.562
45.015,36.412
-28.34,-67.341
-31.371,-69.122
17.711,120.641
26.733,66.409
34.728,132.337
6.723,-72.846
34.454,141.476
38.852,29.854
33.158,140.667
28.528,129.11
41.831,-118.546
16.759,-96.798
50.223,157.23
37.556,23.624
51.116,-179.392
14.164,-91.086
63.218,-150.833
57.494,-33.243
48.952,-128.927
32.237,139.417
26.88,123.028
34.351,141.43
-17.221,-69.353
50.539,-129.591
-7.223,-76.509
14.028,-90.226
33.67,140.435
53.19,-162.34
6.013,127.206
33.308,141.03
44.359,148.009
41.03,142.799
62.974,-150.835
43.61,147.675
-17.481,-72.764
43.777,147.678
43.736,147.618
51.31,174.113
27.017,139.961
-29.515,-71.453
20.89,-45.758
64.608,-160.052
44.439,-110.451
33.508,140.94
50.831,-129.517
-21.518,-68.182
54.805,-160.437
19.967,-154.667
44.049,12.774
71.732,-71.268
29.678,68.266
19.917,-155.733
5.053,-78.461
41.17,142.766
80.074,-114.047
-18.534,-71.188
4.71,-78.779
-10.867,166.812
43.343,43.766
49.991,-178.463
4.79,-78.788
-25.383,-179.796
-22.946,-66.389
41.852,145.544
-22.414,-68.458
18.665,145.497
28.312,139.389
-6.303,30.047
-31.599,-69.43
8.053,-83.199
24.321,94.852
18.774,-103.16
43.345,-126.767
-13.097,167
37.265,135.11
14.067,-92.188
14.115,-91.857
27.688,56.287
53.688,161.637
53.712,161.667
53.645,161.756
19.718,-109.316
-4.761,153.685
42.55,145.53
-17.668,-178.69
-15.906,-74.186
-21.397,-68.33
43.108,146.585
37.754,-116.153
-20.723,-178.801
43.012,146.879
-5.561,148.278
43.02,146.215
33.095,140.722
-11.044,163.27
14.947,-93.202
57.689,-137.509
39.685,23.964
53.405,159.591
43.693,146.646
36.26,139.746
42.698,146.027
41.644,19.893
-5.904,154.833
36.065,139.951
-27.034,-71.184
-26.979,-71.098
51.797,159.298
-27.053,-71.149
-13.751,169.025
22.096,143.204
-26.785,-70.825
-26.954,-71.131
39.149,-111.508
-25.45,-70.306
43.51,146.774
36.984,71.975
10.28,93.916
10.412,95.083
43.615,139.279
42.713,147.72
31.637,141.595
56.43,160.877
33.108,140.729
-20.811,-69.39
-22.079,-70.003
34.217,136.441
51.785,175.512
27.983,56.711
36.566,141.335
43.478,143.356
-32.626,-71.026
13.023,-90.598
39.537,143.087
36.53,26.922
43,145.023
38.6,-122.152
28.293,139.402
30.718,49.251
37.148,-104.571
-21.169,-68.198
-33.191,-72.245
77.064,5.929
33.309,140.949
70.807,53.231
-22.632,-68.55
-9.796,-78.853
-22.765,-70.998
38.128,20.259
-38.467,-74.662
43.996,11.232
38.741,25.237
32.408,48.105
32.168,-40.284
32.575,48.309
37.198,-122.007
57.87,-153.29
40.307,29.807
0.02,-29.208
33.729,137.296
-27.086,-63.356
41.186,141.735
36.556,-121.6151667
37.3765,-116.1148333
32.602,-118.0905
37.011,-116.0245
42.216,-29.49
71.365,-7.718
33.623,140.513
36.929,141.932
35.956,139.493
37.801,141.712
-17.658,-178.782
37.235,141.084
33.058,140.835
37.386,142.062
52.637,-170.914
33.191,140.691
37.276,69.656
38.72,142.375
34.321,140.421
5.522,-73.449
30.201,138.517
34.864,140.907
49.316,141.913
38.257,20.263
55.912,163.702
33.107,142.293
1.419,-91.326
38.247,20.147
34.957,24.48
38.844,29.425
-14.826,-67.917
33.133,140.684
29.208,142.382
42.323,133.909
-20.901,-68.636
33.353,140.959
37.691,137.564
41.887,142.345
43.626,147.57
34.594,141.362
-1.364,-80.421
-15.882,-72.082
51.559,-173.56
38.425,21.089
40.009,140.763
40.781,143.276
26.14,-109.999
45.72,26.658
-33.103,-71.47
43.576,146.366
43.494,147.73
-22.53,-67.367
43.419,147.689
43.545,147.726
43.865,147.698
43.576,147.846
6.845,-72.971
51.829,178.297
15.314,-91.453
36.11,73.494
52.753,172.725
37.273,141.741
33.081,140.797
44.568,143.431
51.021,-179.944
-4.007,151.845
4.078,-79.295
-15.251,-71.947
-16.696,-73.955
-1.978,-78.398
14.925,-91.161
19.025,-64.963
36.425,68.12
35.821,-34.653
-21.967,-179.394
20.378,-109.166
-24.369,-67.133
35.932,69.674
-28.04,-69.268
33.526,140.838
51.792,-173.429
51.177,-179.899
71.896,-75.901
-31.718,-69.209
-23.707,-179.956
44.667,9.515
33.276,140.767
-2.067,-79.963
-30.137,-71.816
36.215,28.379
53.66,161.333
42.992,145.552
43.027,145.316
10.495,93.553
43.519,145.903
-14.656,-178.913
42.217,145.35
-16.921,175.88
43.263,146.283
43.722,144.206
34.792,136.113
43.302,146.469
-33.799,-71.554
54.174,-35.135
-27.647,-71.677
-27.21,-71.323
58.016,-137.299
-27.484,-70.911
-19.396,-69.608
36.568,71.014
59.368,-152.438
18.721,145.345
18.585,-106.347
17.114,-95.191
63.803,-149.11
29.575,143.046
31.124,-113.33
38.968,70.638
37.017,28.379
13.623,-92.295
-26.989,-71.085
6.892,-73.01
43.462,146.212
41.948,-106.798
38.8,20.186
39.869,20.59
30.924,49.966
-23.834,-66.717
51.331,-176.459
63.235,-150.426
36.086,139.856
40.215,142.429
30.778,141.536
28.737,141.388
40.298,144.019
30.197,99.636
17.069,-99.125
39.476,143.121
39.902,143.494
12.824,-89.792
39.298,143.473
63.993,-22.223
-5.929,147.498
51.137,-173.274
-21.107,-66.57
35.007,135.608
34.854,28.346
39.383,143.471
36.089,141.032
32.962,84.641
61.714,-141.207
10.699,-61.993
36.341,21.205
66.308,-157.368
35.694,140.711
-31.489,-71.683
32.858,75.546
-32.727,-71.983
39.504,143.263
53.557,-163.244
51.732,-176.232
57.178,-153.894
42.822,144
35.287,27.299
-21.357,-68.592
37.0253333,-115.7405
36.9435,-115.2535
16.809,145.674
-23.762,-179.869
32.948,75.34
33.275,140.611
32.916,138.137
60.138,-153.421
9.357,-62.821
33.308,139.956
43.35,140.435
37.003,-3.619
-12.913,-73.453
35.175,141.054
33.217,140.636
67.15,-135.811
6.865,-72.889
40.557,143.356
43.494,138.944
33.657,132.286
35.098,140.812
63.734,-148.442
38.739,23.673
41.799,20.048
16.814,-104.233
22.618,141.715
36.597,70.939
35.295,139.147
40.764,140.489
35.92,21.752
30.191,129.998
-22.824,-66.998
24.702,123.799
44.422,-110.465
40.858,143.027
34.474,137.536
40.825,143.141
30.916,50.528
51.341,151.848
52.213,-177.082
14.724,-93.568
43.928,148.217
-21.438,-68.405
50.96,-179.898
-20.901,-179.294
32.957,141.012
33.497,140.462
38.352,141.743
-17.429,-69.543
38.109,19.771
-17.593,-178.596
33.124,141.01
34.998,56.989
44.287,148.234
-5.685,147.205
15.797,-95.973
63.205,-150.741
56.98,-153.268
45.549,12.009
3.013,-83.961
65.142,-147.018
43.3,145.956
42.833,145.76
43.082,147.331
-16.579,175.65
42.87,146.124
15.673,145.667
42.697,145.829
10.421,-64.07
36.654,142.576
43.299,147.286
37.874,141.977
-27.029,-71.001
-27.099,-71.164
18.534,-108.454
43.576,146.593
37.721,19.82
44.142,12.688
34.686,141.885
36.528,141.164
32.018,130.666
-26.92,-71.174
58.054,-137.66
33.48,140.304
33.409,141.137
-2.734,-77.967
11.403,-61.982
-26.823,-70.875
-30.746,-71.131
51.579,-176.379
-8.68,31.097
39.463,143.08
39.488,143.082
39.929,143.431
39.384,143.473
52.5,-170.115
53.295,161.598
19.754,-67.225
33.416,140.797
34.02,73.9
19.432,-108.667
35.711,140.641
-21.072,-69.058
34.176,47.696
-32.936,-72.089
-33.513,-71.644
-33.07,-72.22
-23.83,-70.152
60.123,-152.887
40.625,32.892
35.616,140.791
-14.505,-73.021
37.331,142.122
41.757,133.241
41.682,13.763
51.625,-175.185
60.024,-153.254
-14.33,167.109
37.29,-116.1
36.6351667,-115.492
36.983,-115.1786667
31.4365,-115.84
37.5805,-118.3375
37.6846667,-118.8523333
31.5541667,-115.6985
47.8601667,-123.4153333
33.16,140.915
52.184,-169.595
56.118,-135.763
33.106,140.982
33.28,141.06
36.453,69.437
52.363,-175.924
33.62,140.43
33.206,140.862
38.724,26.245
36.045,27.185
31.672,67.264
35.276,141.02
-20.65,-68.958
-21.625,-66.385
-22.44,-68.307
-20.386,-69.26
35.702,140.131
77.077,-105.824
41.951,142.32
52.533,-168.557
-14.232,170.904
48.338,146.22
33.441,140.946
36.097,141.547
33.285,140.939
51.977,-176.006
35.119,139.464
6.841,-72.983
39.31,21.017
51.459,179.622
52.676,-175.233
33.596,141.159
12.454,-90.082
-30.715,-71.888
32.754,140.046
56.841,-153.194
59.54,-152.109
53.404,-163.912
11.006,-61.345
33.595,137.184
51.252,175.992
36.301,140.931
26.945,53.433
37.255,141.286
53.712,161.786
-32.632,-71.748
49.303,152.621
40.721,27.447
58.037,-137.375
38.791,29.23
60.075,-140.887
-28.022,-176.385
33.288,140.83
46.8256667,-121.8171667
19.836,120.711
36.526,141.139
35.784,141.223
18.658,145.832
37.828,20.943
-15.669,-72.626
33.227,141.133
-20.873,-178.731
50.15,91.274
13.252,-90.564
33.941,141.559
34.478,136.669
36.203,-2.04
-26.989,-70.636
28.557,139.557
34.418,137.078
33.132,142
39.488,143.161
39.425,143.217
33.104,140.64
60.145,-140.847
-30.455,-71.44
37.047,142.107
40.278,-124.16
-31.717,-71.71
-31.757,-72.172
36.359,141.172
-17.784,-69.347
-20.161,-175.041
38.717,20.951
33.336,76.341
61.999,-150.616
51.086,-175.178
20.317,-155.417
37.848,42.409
59.401,-153.194
34.69,139.334
45.694,142.314
-33.174,-72.119
-33.349,-70.91
51.26,-175.959
37.1428333,-118.987
36.5308333,-121.4478333
34.0508333,-119.0066667
37.2,-115.8
0.705,-79.962
33.331,141.047
36.064,73.365
36.685,57.514
35.919,137.678
-15.156,167.61
38.959,141.181
45.691,26.276
35.069,140.9
-16.878,-69.686
41.054,20.118
17.344,-105.422
61.759,-150.177
30.854,140.478
58.247,-152.703
36.423,139.499
36.546,71.274
47.27,-122.8561667
34.137,135.816
39.718,-75.441
36.258,-7.283
6.833,-72.911
51.206,179.586
36.612,71.198
17.699,-103.553
-17.591,-178.708
39.345,29.157
38.138,70.001
-30.302,-68.09
61.233,-149.472
39.968,20.612
34.168,26.343
51.71,-179.873
60.945,-152.908
33.329,140.597
-15.954,-72.808
41.705,142.689
42.623,17.153
41.14,142.421
42.707,142.363
58.367,-151.749
63.986,-150.717
-13.984,-75.271
36.663,140.991
35.111,27.192
-24.423,-66.968
64.791,-147.548
33.471,141.056
36.735,141.387
33.3,140.227
57.62,-137.74
57.937,-136.928
-3.1,35.539
-21.838,-68.216
-21.985,-68.339
57.696,-137.603
35.047,24.576
36.483,140.622
30.747,-113.327
43.097,145.594
6.845,-72.926
57.83,-137.39
33.249,141.043
38.307,133.877
64.102,-148.182
39.479,143.247
60.251,-140.801
32.57,141.867
39.142,141.314
63.032,-151.167
42.905,144.723
39.399,26.217
33.128,141.036
33.118,140.696
36.51,-89.61
30.238,-113.253
45.547,26.52
63.604,-150.971
-21.8,-68.191
59.616,-148.56
54.87,-160.194
32.678,138.157
39.799,144.672
35.2415,-118.574
31.6776667,-115.9276667
33.0605,-115.5611667
35.9673333,-117.7501667
31.611,-115.7511667
32.855,-117.636
36.978,-115.2435
34.0153333,-119.019
34.174,-116.7485
62.57,-143.678
60.114,-153.022
62.589,-151.275
76.503,-105.567
-32.609,-70.687
37.789,73.074
30.46,138.701
51.63,178.133
38.756,20.236
45.573,26.235
58.362,-149.462
53.093,-168.448
33.62,140.697
44.389,-110.414
39.654,75.02
47.8233333,-122.755
-16.676,-74.323
40.124,141.908
52.394,-175.822
-23.862,-66.289
50.806,-178.699
46.186,142.717
-17.867,-69.2
38.856,133.498
-17.414,-69.436
51.757,-173.833
33.165,141.027
57.978,-138.016
37.4525,-118.3498333
-28.01,-71.284
33.126,140.848
47.658,145.6
-31.665,-67.338
34.245,136.874
36.516,71.159
39.103,-123.162
33.418,140.373
60.041,-147.292
60.014,-153.291
37.274,142.162
-31.846,-69.283
-20.013,-178.144
48.2328333,-121.227
19.383,-155.283
61.16,-146.518
36.938,50.698
-22.279,-67.276
40.262,-124.64
40.322,-126.752
63.267,-150.713
35.999,24.777
64.931,-152.654
31.6245,-115.7993333
36.9221667,-116.088
37.4015,-115.8521667
37.7818333,-118.6808333
32.7578333,-115.9226667
37.0088333,-115.2371667
36.919,-115.2571667
32.3755,-115.1868333
32.5646667,-118.0993333
31.7136667,-115.9446667
47.4808333,-122.7575
53.557,153.478
61.996,-149.477
35.636,21.269
33.25,141.227
61.263,-150.478
62.132,-151.21
36.685,-115.259
39.384,27.686
61.41,-144.184
40.319,24.059
61.083,-147.682
44.14,-110.485
63.626,-149.785
59.694,-146.291
44.424,-110.45
52.464,-175.787
39.018,23.414
39.016,23.437
-28.452,-70.119
61.28,-143.293
59.875,-148.802
33.033,131.429
58.104,-148.711
65.061,-147.26
60.085,-147.182
31.939,140.116
63.277,-150.367
36.5121667,-121.8903333
58.714,-150.786
-24.629,-70.738
33.105,140.838
41.886,-106.735
62.621,-149.253
35.712,139.898
35.944,71.074
33.071,135.858
59.289,-142.791
39.24,-116.379
61.394,-151.48
-17.589,-69.848
37.197,-121.58
62.082,-149.656
38.302,20.316
32.307,141.772
35.781,21.992
34.0931667,-116.7633333
33.968,-118.9778333
35.9641667,-117.734
34.3421667,-119.8191667
34.2383333,-116.1303333
33.9591667,-116.1073333
35.8383333,-120.3285
31.8066667,-116.0433333
34.3716667,-118.2698333
34.3376667,-119.3843333
37.5318333,-118.901
32.0953333,-115.7926667
37,-121.5
34.4031667,-118.4448333
60.835,-150.057
33.777,-90.625
37.811,141.689
30.549,138.543
-30.098,-71.43
60.089,-152.903
38.348,21.194
37.729,20.96
39.195,72.395
59.444,-145.76
38.492,20.36
60.584,-150.561
27.257,142.35
36.904,135.579
41.902,142.488
63.11,-150.678
65.624,-134.542
5.759,-77.545
64.731,-147.224
-31.356,-69.927
37.611,-115.149
63.016,-149.8
57.866,-137.459
-17.932,-69.48
47.6351667,-123.5683333
58.373,-151.113
36.543,140.536
34.846,24.868
37.413,137.779
60.999,-146.959
32.265,-115.7795
62.051,-147.548
64.688,-147.599
62.68,-151.563
60.664,-152.207
37.415,21.316
39.338,24.081
38.79,-122.788
32.322,-115.5843333
36.9053333,-115.4126667
37.6648333,-115.9531667
35.9676667,-117.7535
34.0325,-118.9841667
31.8826667,-116.1915
34.3851667,-116.659
34.2986667,-116.2906667
32.1263333,-115.7395
34.0838333,-118.9748333
47.906,-121.9375
36.415,70.874
44.47,-110.465
56.96,-152.378
36.567,70.612
46.297,-122.2176667
60.951,-151.131
65.439,-150.04
60.436,-152.564
61.67,-150.055
60.803,-147.003
-26.863,-71.123
43.9,-74.412
32.0861667,-115.8513333
37.013,137.059
35.91,-90
56.787,-153.234
37.106,21.583
35.75,-84
65.682,-149.818
34.4075,-116.8046667
32.8031667,-115.4745
33.5865,-118.3405
34.23,-116.3108333
33.9843333,-117.636
32.9938333,-115.569
33.9851667,-117.6426667
31.9046667,-116.1713333
33.1516667,-116.4035
34.0953333,-118.9871667
32.9226667,-115.7326667
33.0621667,-115.9475
37.044,-116.0641667
34.1118333,-117.36
35.8715,-121.3455
33.4786667,-116.4598333
36.9183333,-115.5186667
34.3556667,-118.4205
34.3106667,-118.5241667
36.9001667,-115.6163333
32.9711667,-116.2461667
33.2441667,-116.0408333
48.5826667,-123.0083333
46.026,-122.097
39.58,23.76
33.4253333,-118.408
34.683,-121.533
64.766,-147.535
40.819,20.713
64.663,-149.446
64.658,-149.451
62.075,-149.707
40.265,24.104
47.5986667,-121.812
37.4471667,-115.7725
36.303,71.109
31.336,49.613
36.464,71.01
61.607,-147.426
36.395,139.449
36.553,-121.182
60.355,-153.142
57.923,-138.146
64.551,-147.244
33.639,140.955
59.886,-149.122
63.59,-150.742
45.45,14.283
47.6095,-122.3255
63.554,-151.219
34.3738333,-118.496
36.241,-121.2515
34.2978333,-116.1226667
34.279,-116.3343333
32.9831667,-115.5668333
31.7858333,-116.3198333
32.9896667,-115.8418333
34.1125,-118.9771667
33.8246667,-118.2406667
35.9571667,-117.8003333
32.9928333,-116.4165
34.2595,-116.7836667
35.9718333,-117.7863333
31.6451667,-115.881
34.2865,-116.2946667
33.9813333,-117.1235
32.6593333,-116.6446667
33.8925,-118.3698333
33.2426667,-116.0841667
33.0473333,-115.5601667
35.9418333,-120.568
37.7963333,-118.6651667
37.6901667,-118.8868333
31.8786667,-117.1413333
47.77,-122.456
35.9428333,-117.809
33.4866667,-116.5396667
37.44,-87.3
37.93,-90.52
62.929,-151.186
36.43,-110.425
33.0325,-116.2378333
60.8,-150.739
37.151,21.543
64.767,-147.526
57.067,-140.015
30.035,-105.89
61.345,-147.636
60.915,-146.829
32.889,-116.2595
60.906,-147.186
31.715,-115.8171667
41.542,19.033
36.855,-115.5438333
33.524,-118.3738333
32.4643333,-115.2256667
31.9595,-117.1766667
34.4351667,-118.363
37.0138333,-115.9441667
33.0473333,-115.5486667
32.509,-118.1955
31.9263333,-116.7668333
34.3751667,-118.3425
33.9791667,-116.4023333
33.8205,-117.7231667
33.4761667,-116.497
31.718,-116.0433333
33.9951667,-118.9313333
32.4321667,-115.1545
32.9785,-116.2666667
33.8565,-116.8346667
36.0196667,-120.4641667
37.5761667,-118.1186667
36.4808333,-119.9713333
32.9761667,-115.5673333
35.014,-116.9821667
66.243,-142.115
61.46,-150.785
38.739,21.014
63.589,-150.922
48.7013333,-123.1288333
59.459,-145.064
34.4131667,-118.389
61.572,-150.298
60.055,-150.978
37.007,71.81
64.707,-149.428
36.863,-121.65
33.3023333,-116.312
34.303,-119.3486667
34.465,-106.952
36.9143333,-119.6616667
32.2295,-115.7783333
36.199,30.873
32.6556667,-115.9513333
34.3845,-118.3741667
32.9471667,-115.5506667
35.9055,-118.4148333
33.244,-116.2661667
34.1853333,-117.3826667
36.861,-115.6026667
35.8195,-118.3726667
33.751,-117.5083333
33.2456667,-116.2436667
33.9421667,-118.686
33.246,-116.7858333
34.4686667,-116.4801667
32.6363333,-117.0728333
35.9593333,-120.109
33.2551667,-116.2956667
35.7721667,-117.3276667
34.7141667,-118.7361667
33.9836667,-116.3808333
37.5095,-118.196
34.2815,-118.2815
33.0026667,-115.5683333
36.5676667,-117.9948333
35.8298333,-117.2795
33.2801667,-116.2735
34.0876667,-118.3003333
31.3745,-116.8683333
34.4181667,-118.3611667
32.8616667,-115.9931667
35.141,-117.4311667
32.7908333,-115.4438333
32.9075,-116.2531667
32.5188333,-115.452
31.7455,-116.0226667
33.8578333,-119.0673333
35.6268333,-117.2313333
32.8705,-117.6165
32.5043333,-115.2441667
31.7055,-115.8705
35.2883333,-118.5093333
61.032,-146.733
47.661,-123.7485
47.4873333,-122.55
62.339,-150.723
57.887,-151.945
64.83,-147.811
60.645,-150.816
33.5115,-118.5578333
61.075,-148.441
34.052,-118.39
46.2945,-122.2041667
62.458,-152.009
61.713,-149.855
39.156,23.894
39.231,23.378
36.2895,-118.0878333
47.6251667,-123.2205
65.455,-150.17
64.852,-147.829
33.2153333,-116.0476667
60.871,-151.018
31.8395,-116.2221667
32.0453333,-115.3615
61.301,-147.192
64.549,-148.071
33.0088333,-115.5571667
62.241,-151.452
33.483,-116.383
47.6026667,-122.3245
61.384,-150.759
62.029,-149.046
39.533,-119.95
32.9953333,-116.2468333
32.2243333,-115.7348333
33.1593333,-116.4165
33.0021667,-116.4561667
33.6293333,-117.3475
34.8158333,-116.3595
34.0031667,-119.0003333
34.1353333,-119.3733333
36.0278333,-117.7751667
34.0405,-116.7508333
32.2783333,-118.0635
35.73,-116.5291667
35.2856667,-119.1663333
35.9968333,-118.014
33.503,-116.5198333
34.4545,-116.2646667
32.5603333,-118.135
37.35,-118.1458333
31.9348333,-115.8638333
31.9128333,-115.9798333
34.3915,-118.4278333
32.9861667,-115.556
33.4621667,-116.4011667
31.761,-115.9396667
33.0181667,-117.8758333
36.7555,-119.9771667
32.4765,-115.2803333
34.1033333,-116.2063333
33.3708333,-116.2755
32.0868333,-115.8615
32.7353333,-116.4311667
32.8846667,-117.666
32.9905,-115.5565
35.1995,-116.9265
34.367,-116.482
33.9281667,-116.2726667
33.4038333,-116.9248333
33.0321667,-115.5706667
35.3216667,-118.584
32.297,-115.5791667
32.3178333,-115.5835
34.6231667,-117.1508333
46.8275,-121.822
47.47,-122.8435
34.4905,-120.6441667
33.7035,-116.7605
47.605,-122.3318333
32.8108333,-115.448
33.1123333,-118.949
35.4618333,-118.6756667
34.9428333,-116.6698333
34.3975,-116.838
32.7093333,-116.4868333
36.0848333,-119.9536667
31.926,-116.1948333
33.3198333,-116.362
34.3685,-118.4388333
33.766,-116.0891667
32.5551667,-117.9388333
33.0425,-115.5473333
34.2826667,-118.309
34.4448333,-118.4293333
35.3921667,-118.4521667
33.9348333,-116.2806667
34.7955,-116.3955
31.641,-116.9748333
34.2923333,-116.331
34.008,-116.7556667
34.0023333,-116.8316667
31.8721667,-116.0263333
33.9376667,-116.2875
33.925,-115.5433333
35.2738333,-118.5868333
34.0718333,-116.7945
32.9551667,-115.8803333
34.3048333,-116.3313333
33.6946667,-116.7983333
33.7706667,-115.872
34.0765,-116.7856667
35.3338333,-118.7161667
32.435,-116.7878333
34.7681667,-116.3523333
34.2423333,-119.532
32.3998333,-115.243
34.3866667,-118.4663333
34.4085,-116.508
37.499,-118.0406667
35.1291667,-118.6851667
32.9868333,-115.5458333
32.8806667,-116.2766667
33.9458333,-117.7858333
32.527,-115.2061667
33.9388333,-118.985
33.2633333,-116.0015
33.0376667,-115.5408333
34.6246667,-117.1123333
33.8536667,-118.129
37.041,-117.9473333
33.6135,-118.3268333
46.7255,-121.9135
47.6113333,-123.1465
48.449,-123.2405
46.6795,-121.8648333
33.9421667,-119.0518333
46.8755,-120.797
35.0373333,-118.5325
47.0955,-121.8753333
35.3373333,-118.7333333
48.0595,-122.002
33.2375,-116.1046667
47.5903333,-122.5945
34,-120.5
48.5816667,-123.2585
47.12,-106.133
47.615,-122.3333333
47.962,-122.5511667
47.6131667,-122.3406667
47.6196667,-122.2651667
47.6115,-122.3153333
37.7366667,-118.6906667
33.1285,-116.5165
35.3695,-118.5681667
35.7621667,-118.3461667
35.6283333,-118.3495
34.0031667,-116.7891667
33.4778333,-116.4591667
34.9358333,-116.7911667
31.7171667,-115.8913333
35.088,-119.0035
33.2498333,-116.2486667
33.082,-115.6025
32.5688333,-115.2413333
31.8975,-116.2861667
37.5,-119.08
33.9868333,-117.6366667
34.208,-116.8848333
34.2701667,-116.3266667
35.0358333,-118.789
33.3041667,-116.3051667
35.7575,-118.0398333
34.0623333,-118.9916667
33.3996667,-116.3548333
35.4291667,-117.827
35.7281667,-117.5453333
31.7573333,-115.9483333
34.3953333,-116.8456667
33.9893333,-117.6658333
34.096,-117.4681667
34.9805,-118.8395
35.047,-119.1523333
35.8535,-120.2676667
34.3646667,-116.5496667
34.9143333,-116.9055
32.5863333,-115.8968333
34.3166667,-116.2885
32.4595,-115.7753333
32.7228333,-116.4885
33.4945,-116.4833333
32.57,-115.2395
34.2245,-118.959
34.2756667,-116.3385
34.0135,-117.2425
34.0056667,-116.6671667
33.0363333,-115.5833333
33.138,-115.6331667
35.6926667,-118.0703333
33.712,-116.781
34.4731667,-116.488
34.5473333,-116.8333333
33.3696667,-116.2896667
34.552,-118.7965
32.5771667,-115.4958333
34.0883333,-117.4961667
34.3328333,-119.8283333
33.6781667,-116.7265
34.4256667,-118.5806667
34.7513333,-116.395
48.8061667,-122.133
47.4938333,-122.5303333
46.4698333,-122.5246667
46.5168333,-122.346
34.0373333,-119.0088333
48.1726667,-123.0883333
46.6715,-122.1156667
32.4125,-115.2718333
34.4343333,-116.2585
35.3693333,-118.603
32.1686667,-115.8591667
47.4235,-121.7498333
47.8898333,-121.888
31.93,-116.4078333
32.3658333,-115.5756667
46.4476667,-122.2495
47.5868333,-122.5931667
48.5945,-123.0845
34.2501667,-118.5298333
32.8456667,-115.6178333
31.8908333,-116.8551667
34.3793333,-116.8228333
34.1026667,-117.4598333
33.4888333,-116.5635
36.1861667,-118.0486667
34.0145,-116.4498333
32.678,-116.5118333
33.1251667,-115.6193333
32.6465,-116.5781667
34.0468333,-119.0136667
32.8625,-117.6635
34.0336667,-119.0275
34.5983333,-117.125
32.7783333,-116.5136667
31.63,-115.824
33.8231667,-115.8243333
33.7895,-115.9431667
35.1935,-117.3421667
36.1338333,-118.0725
35.9173333,-117.7196667
35.9063333,-117.7438333
33.9085,-116.3286667
34.4,-116.8493333
34.258,-119.5293333
33.4613333,-116.4593333
33.5991667,-118.4056667
33.267,-116.2443333
33.4483333,-119.17
34.4156667,-119.2093333
35.6376667,-117.4128333
36.0275,-117.397
34.0635,-116.541
33.3853333,-116.9675
33.2521667,-116.8015
33.9673333,-117.0176667
36.4726667,-118.117
35.8596667,-117.002
34.0068333,-116.8448333
33.6973333,-116.8163333
33.4738333,-116.4548333
33.4378333,-116.4415
32.8148333,-116.2226667
33.8748333,-118.6596667
37.1528333,-118.183
32.9213333,-115.5463333
32.1351667,-115.8651667
34.3876667,-118.4598333
34.3168333,-116.3378333
33.2605,-116.2895
32.1413333,-115.7931667
33.6928333,-116.7663333
33.944,-116.2983333
33.9226667,-116.2633333
33.5413333,-117.0891667
33.236,-116.24
33.9911667,-117.0961667
33.814,-116.9913333
35.0623333,-117.7103333
35.0395,-117.6768333
33.7296667,-117.4935
32.9711667,-115.5793333
32.7041667,-117.2825
35.7801667,-117.7488333
48.8146667,-122.1236667
46.4188333,-119.0305
46.8916667,-120.714
46.943,-123.4763333
65.392,-148.239
47.0776667,-122.613
46.8821667,-121.9258333
47.4073333,-122.7781667
32.5413333,-115.2661667
47.8608333,-122.5796667
63.333,-150.31
33.0353333,-115.5423333
34.171,-116.872
47.8176667,-121.8081667
33.1055,-115.619
46.8296667,-119.7488333
34.4386667,-118.4301667
47.6081667,-122.3238333
47.6123333,-122.3285
33.6443333,-116.7438333
35.8513333,-118.551
34.3158333,-117.696
33.9961667,-116.7648333
32.985,-115.558
34.7686667,-116.4168333
32.7183333,-116.4678333
34.1606667,-117.0073333
35.991,-117.841
33.512,-118.3735
33.506,-116.771
36.472,-118.2053333
32.72,-116.4958333
33.659,-116.7498333
33.7185,-116.7468333
34.0186667,-119.1313333
33.1053333,-115.6383333
32.9033333,-115.8035
33.9571667,-116.2963333
34.3205,-118.5115
33.995,-118.9821667
34.3688333,-118.6253333
34.2888333,-116.3413333
37.142,-118.1871667
34.2608333,-116.3188333
34.6173333,-117.1141667
34.0268333,-116.781
33.74,-117.531
33.9398333,-117.7798333
34.0178333,-119.0518333
34.038,-118.9973333
34.088,-118.9586667
34.3115,-116.9788333
33.7495,-116.4495
34.3851667,-119.6661667
32.6941667,-116.5185
34.4576667,-119.1975
34.295,-119.7518333
35.9653333,-117.8101667
34.3818333,-120.149
33.1696667,-115.6686667
33.3376667,-116.3985
33.9476667,-116.2901667
33.82,-118.6596667
34.4313333,-117.033
34.264,-119.1728333
32.494,-115.1926667
33.9748333,-116.6678333
36.0081667,-117.8226667
36.1806667,-117.5995
32.9401667,-115.5326667
34.0391667,-117.2836667
35.9168333,-118.0351667
33.5313333,-118.3581667
33.9211667,-116.321
35.0401667,-118.5916667
33.79,-116.1291667
33.6183333,-116.6595
32.8408333,-115.4701667
32.8955,-116.2615
33.3405,-115.7356667
34.0186667,-117.225
33.4761667,-116.4028333
46.5918333,-121.792
46.4188333,-119.0306667
46.307,-124.0973333
37.35,-113.789
48.7481667,-122.7556667
48.8008333,-122.3688333
46.2501667,-122.4286667
48.325,-122.0821667
33.6491667,-117.9718333
34.286,-116.3291667
32.5926667,-115.8856667
38.467,-90.2
46.4625,-121.7123333
33.0446667,-115.5603333
58.524,-138.572
46.7973333,-117.5601667
48.2183333,-121.65
36.163,-118.0291667
32.9981667,-115.5346667
33.1215,-115.6013333
47.1301667,-123.8386667
35.7746667,-117.6666667
38.107,-113.1
46.8288333,-119.7478333
47.6201667,-122.2611667
47.611,-122.3341667
